           0   1.00000000       0.00000000    
           1   1.00000000       0.00000000    
           2  0.980000019       1.40705295E-02
           3  0.970000029       1.71446614E-02
           4  0.930000007       2.56432407E-02
           5  0.920000017       2.72659920E-02
           6  0.889999986       3.14466022E-02
           7  0.879999995       3.26598622E-02
           8  0.860000014       3.48735079E-02
           9  0.839999974       3.68452966E-02
          10  0.839999974       3.68452966E-02
          11  0.829999983       3.77525166E-02
          12  0.819999993       3.86122912E-02
          13  0.810000002       3.94277237E-02
          14  0.800000012       4.02015112E-02
          15  0.790000021       4.09360193E-02
          16  0.779999971       4.16333191E-02
          17  0.759999990       4.29234691E-02
          18  0.759999990       4.29234691E-02
          19  0.759999990       4.29234691E-02
          20  0.759999990       4.29234691E-02
          21  0.759999990       4.29234691E-02
          22  0.750000000       4.35194150E-02
          23  0.750000000       4.35194150E-02
          24  0.750000000       4.35194150E-02
          25  0.750000000       4.35194150E-02
          26  0.750000000       4.35194150E-02
          27  0.750000000       4.35194150E-02
          28  0.750000000       4.35194150E-02
          29  0.750000000       4.35194150E-02
          30  0.750000000       4.35194150E-02
          31  0.740000010       4.40843999E-02
          32  0.740000010       4.40843999E-02
          33  0.740000010       4.40843999E-02
          34  0.740000010       4.40843999E-02
          35  0.740000010       4.40843999E-02
          36  0.740000010       4.40843999E-02
          37  0.740000010       4.40843999E-02
          38  0.740000010       4.40843999E-02
          39  0.740000010       4.40843999E-02
          40  0.740000010       4.40843999E-02
          41  0.730000019       4.46196049E-02
          42  0.720000029       4.51260842E-02
          43  0.720000029       4.51260842E-02
          44  0.720000029       4.51260842E-02
          45  0.720000029       4.51260842E-02
          46  0.720000029       4.51260842E-02
          47  0.720000029       4.51260842E-02
          48  0.720000029       4.51260842E-02
          49  0.720000029       4.51260842E-02
          50  0.720000029       4.51260842E-02
          51  0.720000029       4.51260842E-02
          52  0.720000029       4.51260842E-02
          53  0.720000029       4.51260842E-02
          54  0.720000029       4.51260842E-02
          55  0.720000029       4.51260842E-02
          56  0.720000029       4.51260842E-02
          57  0.709999979       4.56048027E-02
          58  0.709999979       4.56048027E-02
          59  0.709999979       4.56048027E-02
          60  0.709999979       4.56048027E-02
          61  0.709999979       4.56048027E-02
          62  0.709999979       4.56048027E-02
          63  0.699999988       4.60566171E-02
          64  0.699999988       4.60566171E-02
          65  0.699999988       4.60566171E-02
          66  0.699999988       4.60566171E-02
          67  0.699999988       4.60566171E-02
          68  0.699999988       4.60566171E-02
          69  0.699999988       4.60566171E-02
          70  0.699999988       4.60566171E-02
          71  0.699999988       4.60566171E-02
          72  0.699999988       4.60566171E-02
          73  0.699999988       4.60566171E-02
          74  0.699999988       4.60566171E-02
          75  0.699999988       4.60566171E-02
          76  0.699999988       4.60566171E-02
          77  0.699999988       4.60566171E-02
          78  0.699999988       4.60566171E-02
          79  0.699999988       4.60566171E-02
          80  0.699999988       4.60566171E-02
          81  0.699999988       4.60566171E-02
          82  0.699999988       4.60566171E-02
          83  0.699999988       4.60566171E-02
          84  0.699999988       4.60566171E-02
          85  0.699999988       4.60566171E-02
          86  0.699999988       4.60566171E-02
          87  0.699999988       4.60566171E-02
          88  0.699999988       4.60566171E-02
          89  0.699999988       4.60566171E-02
          90  0.699999988       4.60566171E-02
          91  0.699999988       4.60566171E-02
          92  0.689999998       4.64823209E-02
          93  0.689999998       4.64823209E-02
          94  0.689999998       4.64823209E-02
          95  0.689999998       4.64823209E-02
          96  0.689999998       4.64823209E-02
          97  0.689999998       4.64823209E-02
          98  0.689999998       4.64823209E-02
          99  0.689999998       4.64823209E-02
         100  0.689999998       4.64823209E-02
         101  0.689999998       4.64823209E-02
         102  0.689999998       4.64823209E-02
         103  0.689999998       4.64823209E-02
         104  0.689999998       4.64823209E-02
         105  0.689999998       4.64823209E-02
         106  0.689999998       4.64823209E-02
         107  0.689999998       4.64823209E-02
         108  0.689999998       4.64823209E-02
         109  0.689999998       4.64823209E-02
         110  0.689999998       4.64823209E-02
         111  0.689999998       4.64823209E-02
         112  0.689999998       4.64823209E-02
         113  0.689999998       4.64823209E-02
         114  0.689999998       4.64823209E-02
         115  0.689999998       4.64823209E-02
         116  0.689999998       4.64823209E-02
         117  0.689999998       4.64823209E-02
         118  0.689999998       4.64823209E-02
         119  0.689999998       4.64823209E-02
         120  0.689999998       4.64823209E-02
         121  0.689999998       4.64823209E-02
         122  0.689999998       4.64823209E-02
         123  0.689999998       4.64823209E-02
         124  0.689999998       4.64823209E-02
         125  0.689999998       4.64823209E-02
         126  0.689999998       4.64823209E-02
         127  0.689999998       4.64823209E-02
         128  0.689999998       4.64823209E-02
         129  0.689999998       4.64823209E-02
         130  0.689999998       4.64823209E-02
         131  0.689999998       4.64823209E-02
         132  0.689999998       4.64823209E-02
         133  0.689999998       4.64823209E-02
         134  0.689999998       4.64823209E-02
         135  0.689999998       4.64823209E-02
         136  0.689999998       4.64823209E-02
         137  0.689999998       4.64823209E-02
         138  0.689999998       4.64823209E-02
         139  0.689999998       4.64823209E-02
         140  0.689999998       4.64823209E-02
         141  0.689999998       4.64823209E-02
         142  0.689999998       4.64823209E-02
         143  0.689999998       4.64823209E-02
         144  0.689999998       4.64823209E-02
         145  0.689999998       4.64823209E-02
         146  0.689999998       4.64823209E-02
         147  0.689999998       4.64823209E-02
         148  0.689999998       4.64823209E-02
         149  0.689999998       4.64823209E-02
         150  0.689999998       4.64823209E-02
         151  0.689999998       4.64823209E-02
         152  0.689999998       4.64823209E-02
         153  0.689999998       4.64823209E-02
         154  0.689999998       4.64823209E-02
         155  0.689999998       4.64823209E-02
         156  0.689999998       4.64823209E-02
         157  0.689999998       4.64823209E-02
         158  0.689999998       4.64823209E-02
         159  0.689999998       4.64823209E-02
         160  0.689999998       4.64823209E-02
         161  0.689999998       4.64823209E-02
         162  0.689999998       4.64823209E-02
         163  0.689999998       4.64823209E-02
         164  0.689999998       4.64823209E-02
         165  0.689999998       4.64823209E-02
         166  0.689999998       4.64823209E-02
         167  0.689999998       4.64823209E-02
         168  0.689999998       4.64823209E-02
         169  0.689999998       4.64823209E-02
         170  0.689999998       4.64823209E-02
         171  0.689999998       4.64823209E-02
         172  0.689999998       4.64823209E-02
         173  0.689999998       4.64823209E-02
         174  0.689999998       4.64823209E-02
         175  0.689999998       4.64823209E-02
         176  0.689999998       4.64823209E-02
         177  0.689999998       4.64823209E-02
         178  0.689999998       4.64823209E-02
         179  0.689999998       4.64823209E-02
         180  0.689999998       4.64823209E-02
         181  0.689999998       4.64823209E-02
         182  0.689999998       4.64823209E-02
         183  0.689999998       4.64823209E-02
         184  0.689999998       4.64823209E-02
         185  0.689999998       4.64823209E-02
         186  0.689999998       4.64823209E-02
         187  0.689999998       4.64823209E-02
         188  0.689999998       4.64823209E-02
         189  0.689999998       4.64823209E-02
         190  0.689999998       4.64823209E-02
         191  0.689999998       4.64823209E-02
         192  0.689999998       4.64823209E-02
         193  0.689999998       4.64823209E-02
         194  0.689999998       4.64823209E-02
         195  0.689999998       4.64823209E-02
         196  0.689999998       4.64823209E-02
         197  0.689999998       4.64823209E-02
         198  0.689999998       4.64823209E-02
         199  0.689999998       4.64823209E-02
         200  0.689999998       4.64823209E-02
         201  0.689999998       4.64823209E-02
         202  0.689999998       4.64823209E-02
         203  0.689999998       4.64823209E-02
         204  0.689999998       4.64823209E-02
         205  0.689999998       4.64823209E-02
         206  0.689999998       4.64823209E-02
         207  0.689999998       4.64823209E-02
         208  0.689999998       4.64823209E-02
         209  0.689999998       4.64823209E-02
         210  0.689999998       4.64823209E-02
         211  0.689999998       4.64823209E-02
         212  0.689999998       4.64823209E-02
         213  0.689999998       4.64823209E-02
         214  0.689999998       4.64823209E-02
         215  0.689999998       4.64823209E-02
         216  0.689999998       4.64823209E-02
         217  0.689999998       4.64823209E-02
         218  0.689999998       4.64823209E-02
         219  0.689999998       4.64823209E-02
         220  0.689999998       4.64823209E-02
         221  0.689999998       4.64823209E-02
         222  0.689999998       4.64823209E-02
         223  0.689999998       4.64823209E-02
         224  0.689999998       4.64823209E-02
         225  0.689999998       4.64823209E-02
         226  0.689999998       4.64823209E-02
         227  0.689999998       4.64823209E-02
         228  0.689999998       4.64823209E-02
         229  0.689999998       4.64823209E-02
         230  0.689999998       4.64823209E-02
         231  0.689999998       4.64823209E-02
         232  0.689999998       4.64823209E-02
         233  0.689999998       4.64823209E-02
         234  0.689999998       4.64823209E-02
         235  0.689999998       4.64823209E-02
         236  0.689999998       4.64823209E-02
         237  0.689999998       4.64823209E-02
         238  0.689999998       4.64823209E-02
         239  0.689999998       4.64823209E-02
         240  0.689999998       4.64823209E-02
         241  0.689999998       4.64823209E-02
         242  0.689999998       4.64823209E-02
         243  0.689999998       4.64823209E-02
         244  0.689999998       4.64823209E-02
         245  0.689999998       4.64823209E-02
         246  0.689999998       4.64823209E-02
         247  0.689999998       4.64823209E-02
         248  0.689999998       4.64823209E-02
         249  0.689999998       4.64823209E-02
         250  0.689999998       4.64823209E-02
         251  0.689999998       4.64823209E-02
         252  0.689999998       4.64823209E-02
         253  0.689999998       4.64823209E-02
         254  0.689999998       4.64823209E-02
         255  0.689999998       4.64823209E-02
         256  0.689999998       4.64823209E-02
         257  0.689999998       4.64823209E-02
         258  0.689999998       4.64823209E-02
         259  0.689999998       4.64823209E-02
         260  0.689999998       4.64823209E-02
         261  0.689999998       4.64823209E-02
         262  0.689999998       4.64823209E-02
         263  0.689999998       4.64823209E-02
         264  0.689999998       4.64823209E-02
         265  0.689999998       4.64823209E-02
         266  0.689999998       4.64823209E-02
         267  0.689999998       4.64823209E-02
         268  0.689999998       4.64823209E-02
         269  0.689999998       4.64823209E-02
         270  0.689999998       4.64823209E-02
         271  0.689999998       4.64823209E-02
         272  0.689999998       4.64823209E-02
         273  0.689999998       4.64823209E-02
         274  0.689999998       4.64823209E-02
         275  0.689999998       4.64823209E-02
         276  0.689999998       4.64823209E-02
         277  0.689999998       4.64823209E-02
         278  0.689999998       4.64823209E-02
         279  0.689999998       4.64823209E-02
         280  0.689999998       4.64823209E-02
         281  0.689999998       4.64823209E-02
         282  0.689999998       4.64823209E-02
         283  0.689999998       4.64823209E-02
         284  0.689999998       4.64823209E-02
         285  0.689999998       4.64823209E-02
         286  0.689999998       4.64823209E-02
         287  0.689999998       4.64823209E-02
         288  0.689999998       4.64823209E-02
         289  0.689999998       4.64823209E-02
         290  0.689999998       4.64823209E-02
         291  0.689999998       4.64823209E-02
         292  0.689999998       4.64823209E-02
         293  0.689999998       4.64823209E-02
         294  0.689999998       4.64823209E-02
         295  0.689999998       4.64823209E-02
         296  0.689999998       4.64823209E-02
         297  0.689999998       4.64823209E-02
         298  0.689999998       4.64823209E-02
         299  0.689999998       4.64823209E-02
         300  0.689999998       4.64823209E-02
         301  0.689999998       4.64823209E-02
         302  0.689999998       4.64823209E-02
         303  0.689999998       4.64823209E-02
         304  0.689999998       4.64823209E-02
         305  0.689999998       4.64823209E-02
         306  0.689999998       4.64823209E-02
         307  0.689999998       4.64823209E-02
         308  0.689999998       4.64823209E-02
         309  0.689999998       4.64823209E-02
         310  0.689999998       4.64823209E-02
         311  0.689999998       4.64823209E-02
         312  0.689999998       4.64823209E-02
         313  0.689999998       4.64823209E-02
         314  0.689999998       4.64823209E-02
         315  0.689999998       4.64823209E-02
         316  0.689999998       4.64823209E-02
         317  0.689999998       4.64823209E-02
         318  0.689999998       4.64823209E-02
         319  0.689999998       4.64823209E-02
         320  0.689999998       4.64823209E-02
         321  0.689999998       4.64823209E-02
         322  0.689999998       4.64823209E-02
         323  0.689999998       4.64823209E-02
         324  0.689999998       4.64823209E-02
         325  0.689999998       4.64823209E-02
         326  0.689999998       4.64823209E-02
         327  0.689999998       4.64823209E-02
         328  0.689999998       4.64823209E-02
         329  0.689999998       4.64823209E-02
         330  0.689999998       4.64823209E-02
         331  0.689999998       4.64823209E-02
         332  0.689999998       4.64823209E-02
         333  0.689999998       4.64823209E-02
         334  0.689999998       4.64823209E-02
         335  0.689999998       4.64823209E-02
         336  0.689999998       4.64823209E-02
         337  0.689999998       4.64823209E-02
         338  0.689999998       4.64823209E-02
         339  0.689999998       4.64823209E-02
         340  0.689999998       4.64823209E-02
         341  0.689999998       4.64823209E-02
         342  0.689999998       4.64823209E-02
         343  0.689999998       4.64823209E-02
         344  0.689999998       4.64823209E-02
         345  0.689999998       4.64823209E-02
         346  0.689999998       4.64823209E-02
         347  0.689999998       4.64823209E-02
         348  0.689999998       4.64823209E-02
         349  0.689999998       4.64823209E-02
         350  0.689999998       4.64823209E-02
         351  0.689999998       4.64823209E-02
         352  0.689999998       4.64823209E-02
         353  0.689999998       4.64823209E-02
         354  0.689999998       4.64823209E-02
         355  0.689999998       4.64823209E-02
         356  0.689999998       4.64823209E-02
         357  0.689999998       4.64823209E-02
         358  0.689999998       4.64823209E-02
         359  0.689999998       4.64823209E-02
         360  0.689999998       4.64823209E-02
         361  0.689999998       4.64823209E-02
         362  0.689999998       4.64823209E-02
         363  0.689999998       4.64823209E-02
         364  0.689999998       4.64823209E-02
         365  0.689999998       4.64823209E-02
         366  0.689999998       4.64823209E-02
         367  0.689999998       4.64823209E-02
         368  0.689999998       4.64823209E-02
         369  0.689999998       4.64823209E-02
         370  0.689999998       4.64823209E-02
         371  0.689999998       4.64823209E-02
         372  0.689999998       4.64823209E-02
         373  0.689999998       4.64823209E-02
         374  0.689999998       4.64823209E-02
         375  0.689999998       4.64823209E-02
         376  0.689999998       4.64823209E-02
         377  0.689999998       4.64823209E-02
         378  0.689999998       4.64823209E-02
         379  0.689999998       4.64823209E-02
         380  0.689999998       4.64823209E-02
         381  0.689999998       4.64823209E-02
         382  0.689999998       4.64823209E-02
         383  0.689999998       4.64823209E-02
         384  0.689999998       4.64823209E-02
         385  0.689999998       4.64823209E-02
         386  0.689999998       4.64823209E-02
         387  0.689999998       4.64823209E-02
         388  0.689999998       4.64823209E-02
         389  0.689999998       4.64823209E-02
         390  0.689999998       4.64823209E-02
         391  0.689999998       4.64823209E-02
         392  0.689999998       4.64823209E-02
         393  0.689999998       4.64823209E-02
         394  0.689999998       4.64823209E-02
         395  0.689999998       4.64823209E-02
         396  0.689999998       4.64823209E-02
         397  0.689999998       4.64823209E-02
         398  0.689999998       4.64823209E-02
         399  0.689999998       4.64823209E-02
         400  0.689999998       4.64823209E-02
         401  0.689999998       4.64823209E-02
         402  0.689999998       4.64823209E-02
         403  0.689999998       4.64823209E-02
         404  0.689999998       4.64823209E-02
         405  0.689999998       4.64823209E-02
         406  0.689999998       4.64823209E-02
         407  0.689999998       4.64823209E-02
         408  0.689999998       4.64823209E-02
         409  0.689999998       4.64823209E-02
         410  0.689999998       4.64823209E-02
         411  0.689999998       4.64823209E-02
         412  0.689999998       4.64823209E-02
         413  0.689999998       4.64823209E-02
         414  0.689999998       4.64823209E-02
         415  0.689999998       4.64823209E-02
         416  0.689999998       4.64823209E-02
         417  0.689999998       4.64823209E-02
         418  0.689999998       4.64823209E-02
         419  0.689999998       4.64823209E-02
         420  0.689999998       4.64823209E-02
         421  0.689999998       4.64823209E-02
         422  0.689999998       4.64823209E-02
         423  0.689999998       4.64823209E-02
         424  0.689999998       4.64823209E-02
         425  0.689999998       4.64823209E-02
         426  0.689999998       4.64823209E-02
         427  0.689999998       4.64823209E-02
         428  0.689999998       4.64823209E-02
         429  0.689999998       4.64823209E-02
         430  0.689999998       4.64823209E-02
         431  0.689999998       4.64823209E-02
         432  0.689999998       4.64823209E-02
         433  0.689999998       4.64823209E-02
         434  0.689999998       4.64823209E-02
         435  0.689999998       4.64823209E-02
         436  0.689999998       4.64823209E-02
         437  0.689999998       4.64823209E-02
         438  0.689999998       4.64823209E-02
         439  0.689999998       4.64823209E-02
         440  0.689999998       4.64823209E-02
         441  0.689999998       4.64823209E-02
         442  0.689999998       4.64823209E-02
         443  0.689999998       4.64823209E-02
         444  0.689999998       4.64823209E-02
         445  0.689999998       4.64823209E-02
         446  0.689999998       4.64823209E-02
         447  0.689999998       4.64823209E-02
         448  0.689999998       4.64823209E-02
         449  0.689999998       4.64823209E-02
         450  0.689999998       4.64823209E-02
         451  0.689999998       4.64823209E-02
         452  0.689999998       4.64823209E-02
         453  0.689999998       4.64823209E-02
         454  0.689999998       4.64823209E-02
         455  0.689999998       4.64823209E-02
         456  0.689999998       4.64823209E-02
         457  0.689999998       4.64823209E-02
         458  0.689999998       4.64823209E-02
         459  0.689999998       4.64823209E-02
         460  0.689999998       4.64823209E-02
         461  0.689999998       4.64823209E-02
         462  0.689999998       4.64823209E-02
         463  0.689999998       4.64823209E-02
         464  0.689999998       4.64823209E-02
         465  0.689999998       4.64823209E-02
         466  0.689999998       4.64823209E-02
         467  0.689999998       4.64823209E-02
         468  0.689999998       4.64823209E-02
         469  0.689999998       4.64823209E-02
         470  0.689999998       4.64823209E-02
         471  0.689999998       4.64823209E-02
         472  0.689999998       4.64823209E-02
         473  0.689999998       4.64823209E-02
         474  0.689999998       4.64823209E-02
         475  0.689999998       4.64823209E-02
         476  0.689999998       4.64823209E-02
         477  0.689999998       4.64823209E-02
         478  0.689999998       4.64823209E-02
         479  0.689999998       4.64823209E-02
         480  0.689999998       4.64823209E-02
         481  0.689999998       4.64823209E-02
         482  0.689999998       4.64823209E-02
         483  0.689999998       4.64823209E-02
         484  0.689999998       4.64823209E-02
         485  0.689999998       4.64823209E-02
         486  0.689999998       4.64823209E-02
         487  0.689999998       4.64823209E-02
         488  0.689999998       4.64823209E-02
         489  0.689999998       4.64823209E-02
         490  0.689999998       4.64823209E-02
         491  0.689999998       4.64823209E-02
         492  0.689999998       4.64823209E-02
         493  0.689999998       4.64823209E-02
         494  0.689999998       4.64823209E-02
         495  0.689999998       4.64823209E-02
         496  0.689999998       4.64823209E-02
         497  0.689999998       4.64823209E-02
         498  0.689999998       4.64823209E-02
         499  0.689999998       4.64823209E-02
         500  0.689999998       4.64823209E-02
         501  0.689999998       4.64823209E-02
         502  0.689999998       4.64823209E-02
         503  0.689999998       4.64823209E-02
         504  0.689999998       4.64823209E-02
         505  0.689999998       4.64823209E-02
         506  0.689999998       4.64823209E-02
         507  0.689999998       4.64823209E-02
         508  0.689999998       4.64823209E-02
         509  0.689999998       4.64823209E-02
         510  0.689999998       4.64823209E-02
         511  0.689999998       4.64823209E-02
         512  0.689999998       4.64823209E-02
         513  0.689999998       4.64823209E-02
         514  0.689999998       4.64823209E-02
         515  0.689999998       4.64823209E-02
         516  0.689999998       4.64823209E-02
         517  0.689999998       4.64823209E-02
         518  0.689999998       4.64823209E-02
         519  0.689999998       4.64823209E-02
         520  0.689999998       4.64823209E-02
         521  0.689999998       4.64823209E-02
         522  0.689999998       4.64823209E-02
         523  0.689999998       4.64823209E-02
         524  0.689999998       4.64823209E-02
         525  0.689999998       4.64823209E-02
         526  0.689999998       4.64823209E-02
         527  0.689999998       4.64823209E-02
         528  0.689999998       4.64823209E-02
         529  0.689999998       4.64823209E-02
         530  0.689999998       4.64823209E-02
         531  0.689999998       4.64823209E-02
         532  0.689999998       4.64823209E-02
         533  0.689999998       4.64823209E-02
         534  0.689999998       4.64823209E-02
         535  0.689999998       4.64823209E-02
         536  0.689999998       4.64823209E-02
         537  0.689999998       4.64823209E-02
         538  0.689999998       4.64823209E-02
         539  0.689999998       4.64823209E-02
         540  0.689999998       4.64823209E-02
         541  0.689999998       4.64823209E-02
         542  0.689999998       4.64823209E-02
         543  0.689999998       4.64823209E-02
         544  0.689999998       4.64823209E-02
         545  0.689999998       4.64823209E-02
         546  0.689999998       4.64823209E-02
         547  0.689999998       4.64823209E-02
         548  0.689999998       4.64823209E-02
         549  0.689999998       4.64823209E-02
         550  0.689999998       4.64823209E-02
         551  0.689999998       4.64823209E-02
         552  0.689999998       4.64823209E-02
         553  0.689999998       4.64823209E-02
         554  0.689999998       4.64823209E-02
         555  0.689999998       4.64823209E-02
         556  0.689999998       4.64823209E-02
         557  0.689999998       4.64823209E-02
         558  0.689999998       4.64823209E-02
         559  0.689999998       4.64823209E-02
         560  0.689999998       4.64823209E-02
         561  0.689999998       4.64823209E-02
         562  0.689999998       4.64823209E-02
         563  0.689999998       4.64823209E-02
         564  0.689999998       4.64823209E-02
         565  0.689999998       4.64823209E-02
         566  0.689999998       4.64823209E-02
         567  0.689999998       4.64823209E-02
         568  0.689999998       4.64823209E-02
         569  0.689999998       4.64823209E-02
         570  0.689999998       4.64823209E-02
         571  0.689999998       4.64823209E-02
         572  0.689999998       4.64823209E-02
         573  0.689999998       4.64823209E-02
         574  0.689999998       4.64823209E-02
         575  0.689999998       4.64823209E-02
         576  0.689999998       4.64823209E-02
         577  0.689999998       4.64823209E-02
         578  0.689999998       4.64823209E-02
         579  0.689999998       4.64823209E-02
         580  0.689999998       4.64823209E-02
         581  0.689999998       4.64823209E-02
         582  0.689999998       4.64823209E-02
         583  0.689999998       4.64823209E-02
         584  0.689999998       4.64823209E-02
         585  0.689999998       4.64823209E-02
         586  0.689999998       4.64823209E-02
         587  0.689999998       4.64823209E-02
         588  0.689999998       4.64823209E-02
         589  0.689999998       4.64823209E-02
         590  0.689999998       4.64823209E-02
         591  0.689999998       4.64823209E-02
         592  0.689999998       4.64823209E-02
         593  0.689999998       4.64823209E-02
         594  0.689999998       4.64823209E-02
         595  0.689999998       4.64823209E-02
         596  0.689999998       4.64823209E-02
         597  0.689999998       4.64823209E-02
         598  0.689999998       4.64823209E-02
         599  0.689999998       4.64823209E-02
         600  0.689999998       4.64823209E-02
         601  0.689999998       4.64823209E-02
         602  0.689999998       4.64823209E-02
         603  0.689999998       4.64823209E-02
         604  0.689999998       4.64823209E-02
         605  0.689999998       4.64823209E-02
         606  0.689999998       4.64823209E-02
         607  0.689999998       4.64823209E-02
         608  0.689999998       4.64823209E-02
         609  0.689999998       4.64823209E-02
         610  0.689999998       4.64823209E-02
         611  0.689999998       4.64823209E-02
         612  0.689999998       4.64823209E-02
         613  0.689999998       4.64823209E-02
         614  0.689999998       4.64823209E-02
         615  0.689999998       4.64823209E-02
         616  0.689999998       4.64823209E-02
         617  0.689999998       4.64823209E-02
         618  0.689999998       4.64823209E-02
         619  0.689999998       4.64823209E-02
         620  0.689999998       4.64823209E-02
         621  0.689999998       4.64823209E-02
         622  0.689999998       4.64823209E-02
         623  0.689999998       4.64823209E-02
         624  0.689999998       4.64823209E-02
         625  0.689999998       4.64823209E-02
         626  0.689999998       4.64823209E-02
         627  0.689999998       4.64823209E-02
         628  0.689999998       4.64823209E-02
         629  0.689999998       4.64823209E-02
         630  0.689999998       4.64823209E-02
         631  0.689999998       4.64823209E-02
         632  0.689999998       4.64823209E-02
         633  0.689999998       4.64823209E-02
         634  0.689999998       4.64823209E-02
         635  0.689999998       4.64823209E-02
         636  0.689999998       4.64823209E-02
         637  0.689999998       4.64823209E-02
         638  0.689999998       4.64823209E-02
         639  0.689999998       4.64823209E-02
         640  0.689999998       4.64823209E-02
         641  0.689999998       4.64823209E-02
         642  0.689999998       4.64823209E-02
         643  0.689999998       4.64823209E-02
         644  0.689999998       4.64823209E-02
         645  0.689999998       4.64823209E-02
         646  0.689999998       4.64823209E-02
         647  0.689999998       4.64823209E-02
         648  0.689999998       4.64823209E-02
         649  0.689999998       4.64823209E-02
         650  0.689999998       4.64823209E-02
         651  0.689999998       4.64823209E-02
         652  0.689999998       4.64823209E-02
         653  0.689999998       4.64823209E-02
         654  0.689999998       4.64823209E-02
         655  0.689999998       4.64823209E-02
         656  0.689999998       4.64823209E-02
         657  0.689999998       4.64823209E-02
         658  0.689999998       4.64823209E-02
         659  0.689999998       4.64823209E-02
         660  0.689999998       4.64823209E-02
         661  0.689999998       4.64823209E-02
         662  0.689999998       4.64823209E-02
         663  0.689999998       4.64823209E-02
         664  0.689999998       4.64823209E-02
         665  0.689999998       4.64823209E-02
         666  0.689999998       4.64823209E-02
         667  0.689999998       4.64823209E-02
         668  0.689999998       4.64823209E-02
         669  0.689999998       4.64823209E-02
         670  0.689999998       4.64823209E-02
         671  0.689999998       4.64823209E-02
         672  0.689999998       4.64823209E-02
         673  0.689999998       4.64823209E-02
         674  0.689999998       4.64823209E-02
         675  0.689999998       4.64823209E-02
         676  0.689999998       4.64823209E-02
         677  0.689999998       4.64823209E-02
         678  0.689999998       4.64823209E-02
         679  0.689999998       4.64823209E-02
         680  0.689999998       4.64823209E-02
         681  0.689999998       4.64823209E-02
         682  0.689999998       4.64823209E-02
         683  0.689999998       4.64823209E-02
         684  0.689999998       4.64823209E-02
         685  0.689999998       4.64823209E-02
         686  0.689999998       4.64823209E-02
         687  0.689999998       4.64823209E-02
         688  0.689999998       4.64823209E-02
         689  0.680000007       4.68826182E-02
         690  0.680000007       4.68826182E-02
         691  0.680000007       4.68826182E-02
         692  0.680000007       4.68826182E-02
         693  0.680000007       4.68826182E-02
         694  0.680000007       4.68826182E-02
         695  0.680000007       4.68826182E-02
         696  0.680000007       4.68826182E-02
         697  0.680000007       4.68826182E-02
         698  0.680000007       4.68826182E-02
         699  0.680000007       4.68826182E-02
         700  0.670000017       4.72581573E-02
         701  0.670000017       4.72581573E-02
         702  0.670000017       4.72581573E-02
         703  0.670000017       4.72581573E-02
         704  0.670000017       4.72581573E-02
         705  0.670000017       4.72581573E-02
         706  0.670000017       4.72581573E-02
         707  0.670000017       4.72581573E-02
         708  0.670000017       4.72581573E-02
         709  0.670000017       4.72581573E-02
         710  0.670000017       4.72581573E-02
         711  0.670000017       4.72581573E-02
         712  0.670000017       4.72581573E-02
         713  0.670000017       4.72581573E-02
         714  0.670000017       4.72581573E-02
         715  0.670000017       4.72581573E-02
         716  0.670000017       4.72581573E-02
         717  0.660000026       4.76095229E-02
         718  0.660000026       4.76095229E-02
         719  0.660000026       4.76095229E-02
         720  0.660000026       4.76095229E-02
         721  0.649999976       4.79372479E-02
         722  0.629999995       4.85236570E-02
         723  0.629999995       4.85236570E-02
         724  0.629999995       4.85236570E-02
         725  0.620000005       4.87831719E-02
         726  0.620000005       4.87831719E-02
         727  0.620000005       4.87831719E-02
         728  0.610000014       4.90207113E-02
         729  0.610000014       4.90207113E-02
         730  0.589999974       4.94311079E-02
         731  0.589999974       4.94311079E-02
         732  0.589999974       4.94311079E-02
         733  0.589999974       4.94311079E-02
         734  0.579999983       4.96044978E-02
         735  0.569999993       4.97569852E-02
         736  0.569999993       4.97569852E-02
         737  0.560000002       4.98887636E-02
         738  0.560000002       4.98887636E-02
         739  0.550000012       5.00000007E-02
         740  0.550000012       5.00000007E-02
         741  0.550000012       5.00000007E-02
         742  0.550000012       5.00000007E-02
         743  0.550000012       5.00000007E-02
         744  0.550000012       5.00000007E-02
         745  0.540000021       5.00908270E-02
         746  0.529999971       5.01613542E-02
         747  0.529999971       5.01613542E-02
         748  0.529999971       5.01613542E-02
         749  0.529999971       5.01613542E-02
         750  0.529999971       5.01613542E-02
         751  0.529999971       5.01613542E-02
         752  0.529999971       5.01613542E-02
         753  0.519999981       5.02116717E-02
         754  0.519999981       5.02116717E-02
         755  0.519999981       5.02116717E-02
         756  0.519999981       5.02116717E-02
         757  0.509999990       5.02418391E-02
         758  0.509999990       5.02418391E-02
         759  0.509999990       5.02418391E-02
         760  0.509999990       5.02418391E-02
         761  0.509999990       5.02418391E-02
         762  0.509999990       5.02418391E-02
         763  0.500000000       5.02518900E-02
         764  0.490000010       5.02418391E-02
         765  0.490000010       5.02418391E-02
         766  0.490000010       5.02418391E-02
         767  0.490000010       5.02418391E-02
         768  0.479999989       5.02116717E-02
         769  0.469999999       5.01613542E-02
         770  0.469999999       5.01613542E-02
         771  0.469999999       5.01613542E-02
         772  0.469999999       5.01613542E-02
         773  0.469999999       5.01613542E-02
         774  0.469999999       5.01613542E-02
         775  0.469999999       5.01613542E-02
         776  0.469999999       5.01613542E-02
         777  0.460000008       5.00908270E-02
         778  0.460000008       5.00908270E-02
         779  0.460000008       5.00908270E-02
         780  0.449999988       5.00000007E-02
         781  0.449999988       5.00000007E-02
         782  0.449999988       5.00000007E-02
         783  0.449999988       5.00000007E-02
         784  0.449999988       5.00000007E-02
         785  0.449999988       5.00000007E-02
         786  0.449999988       5.00000007E-02
         787  0.439999998       4.98887636E-02
         788  0.439999998       4.98887636E-02
         789  0.439999998       4.98887636E-02
         790  0.439999998       4.98887636E-02
         791  0.430000007       4.97569852E-02
         792  0.419999987       4.96044978E-02
         793  0.419999987       4.96044978E-02
         794  0.400000006       4.92365956E-02
         795  0.400000006       4.92365956E-02
         796  0.400000006       4.92365956E-02
         797  0.400000006       4.92365956E-02
         798  0.400000006       4.92365956E-02
         799  0.400000006       4.92365956E-02
         800  0.389999986       4.90207113E-02
         801  0.379999995       4.87831719E-02
         802  0.379999995       4.87831719E-02
         803  0.379999995       4.87831719E-02
         804  0.379999995       4.87831719E-02
         805  0.379999995       4.87831719E-02
         806  0.379999995       4.87831719E-02
         807  0.379999995       4.87831719E-02
         808  0.360000014       4.82418165E-02
         809  0.360000014       4.82418165E-02
         810  0.349999994       4.79372479E-02
         811  0.349999994       4.79372479E-02
         812  0.340000004       4.76095229E-02
         813  0.340000004       4.76095229E-02
         814  0.340000004       4.76095229E-02
         815  0.340000004       4.76095229E-02
         816  0.340000004       4.76095229E-02
         817  0.340000004       4.76095229E-02
         818  0.340000004       4.76095229E-02
         819  0.340000004       4.76095229E-02
         820  0.330000013       4.72581573E-02
         821  0.319999993       4.68826182E-02
         822  0.319999993       4.68826182E-02
         823  0.319999993       4.68826182E-02
         824  0.319999993       4.68826182E-02
         825  0.319999993       4.68826182E-02
         826  0.300000012       4.60566171E-02
         827  0.300000012       4.60566171E-02
         828  0.300000012       4.60566171E-02
         829  0.289999992       4.56048027E-02
         830  0.289999992       4.56048027E-02
         831  0.289999992       4.56048027E-02
         832  0.289999992       4.56048027E-02
         833  0.289999992       4.56048027E-02
         834  0.280000001       4.51260842E-02
         835  0.280000001       4.51260842E-02
         836  0.280000001       4.51260842E-02
         837  0.280000001       4.51260842E-02
         838  0.270000011       4.46196049E-02
         839  0.270000011       4.46196049E-02
         840  0.270000011       4.46196049E-02
         841  0.259999990       4.40843999E-02
         842  0.250000000       4.35194150E-02
         843  0.230000004       4.22952585E-02
         844  0.230000004       4.22952585E-02
         845  0.230000004       4.22952585E-02
         846  0.230000004       4.22952585E-02
         847  0.219999999       4.16333191E-02
         848  0.219999999       4.16333191E-02
         849  0.219999999       4.16333191E-02
         850  0.200000003       4.02015112E-02
         851  0.200000003       4.02015112E-02
         852  0.200000003       4.02015112E-02
         853  0.200000003       4.02015112E-02
         854  0.200000003       4.02015112E-02
         855  0.200000003       4.02015112E-02
         856  0.200000003       4.02015112E-02
         857  0.200000003       4.02015112E-02
         858  0.200000003       4.02015112E-02
         859  0.200000003       4.02015112E-02
         860  0.200000003       4.02015112E-02
         861  0.189999998       3.94277237E-02
         862  0.189999998       3.94277237E-02
         863  0.180000007       3.86122912E-02
         864  0.180000007       3.86122912E-02
         865  0.180000007       3.86122912E-02
         866  0.180000007       3.86122912E-02
         867  0.180000007       3.86122912E-02
         868  0.159999996       3.68452966E-02
         869  0.159999996       3.68452966E-02
         870  0.159999996       3.68452966E-02
         871  0.159999996       3.68452966E-02
         872  0.159999996       3.68452966E-02
         873  0.159999996       3.68452966E-02
         874  0.150000006       3.58870290E-02
         875  0.150000006       3.58870290E-02
         876  0.129999995       3.37997675E-02
         877  0.129999995       3.37997675E-02
         878  0.129999995       3.37997675E-02
         879  0.129999995       3.37997675E-02
         880  0.129999995       3.37997675E-02
         881  0.119999997       3.26598622E-02
         882  0.119999997       3.26598622E-02
         883  0.119999997       3.26598622E-02
         884  0.119999997       3.26598622E-02
         885  0.109999999       3.14466022E-02
         886  0.109999999       3.14466022E-02
         887  0.100000001       3.01511344E-02
         888  0.100000001       3.01511344E-02
         889  0.100000001       3.01511344E-02
         890  0.100000001       3.01511344E-02
         891  0.100000001       3.01511344E-02
         892  0.100000001       3.01511344E-02
         893   9.00000036E-02   2.87623499E-02
         894   9.00000036E-02   2.87623499E-02
         895   9.00000036E-02   2.87623499E-02
         896   9.00000036E-02   2.87623499E-02
         897   9.00000036E-02   2.87623499E-02
         898   9.00000036E-02   2.87623499E-02
         899   9.00000036E-02   2.87623499E-02
         900   9.00000036E-02   2.87623499E-02
         901   9.00000036E-02   2.87623499E-02
         902   9.00000036E-02   2.87623499E-02
         903   9.00000036E-02   2.87623499E-02
         904   9.00000036E-02   2.87623499E-02
         905   9.00000036E-02   2.87623499E-02
         906   9.00000036E-02   2.87623499E-02
         907   9.00000036E-02   2.87623499E-02
         908   9.00000036E-02   2.87623499E-02
         909   9.00000036E-02   2.87623499E-02
         910   9.00000036E-02   2.87623499E-02
         911   9.00000036E-02   2.87623499E-02
         912   7.99999982E-02   2.72659920E-02
         913   7.99999982E-02   2.72659920E-02
         914   7.99999982E-02   2.72659920E-02
         915   7.99999982E-02   2.72659920E-02
         916   7.99999982E-02   2.72659920E-02
         917   7.99999982E-02   2.72659920E-02
         918   7.99999982E-02   2.72659920E-02
         919   7.99999982E-02   2.72659920E-02
         920   7.99999982E-02   2.72659920E-02
         921   7.99999982E-02   2.72659920E-02
         922   7.00000003E-02   2.56432407E-02
         923   7.00000003E-02   2.56432407E-02
         924   7.00000003E-02   2.56432407E-02
         925   7.00000003E-02   2.56432407E-02
         926   7.00000003E-02   2.56432407E-02
         927   7.00000003E-02   2.56432407E-02
         928   7.00000003E-02   2.56432407E-02
         929   7.00000003E-02   2.56432407E-02
         930   7.00000003E-02   2.56432407E-02
         931   7.00000003E-02   2.56432407E-02
         932   7.00000003E-02   2.56432407E-02
         933   7.00000003E-02   2.56432407E-02
         934   7.00000003E-02   2.56432407E-02
         935   7.00000003E-02   2.56432407E-02
         936   7.00000003E-02   2.56432407E-02
         937   5.99999987E-02   2.38683261E-02
         938   5.99999987E-02   2.38683261E-02
         939   5.99999987E-02   2.38683261E-02
         940   5.99999987E-02   2.38683261E-02
         941   5.99999987E-02   2.38683261E-02
         942   5.99999987E-02   2.38683261E-02
         943   5.99999987E-02   2.38683261E-02
         944   5.99999987E-02   2.38683261E-02
         945   5.00000007E-02   2.19042916E-02
         946   5.00000007E-02   2.19042916E-02
         947   5.00000007E-02   2.19042916E-02
         948   3.99999991E-02   1.96946394E-02
         949   3.99999991E-02   1.96946394E-02
         950   3.99999991E-02   1.96946394E-02
         951   3.99999991E-02   1.96946394E-02
         952   3.99999991E-02   1.96946394E-02
         953   2.99999993E-02   1.71446614E-02
         954   2.99999993E-02   1.71446614E-02
         955   1.99999996E-02   1.40705295E-02
         956   1.99999996E-02   1.40705295E-02
         957   1.99999996E-02   1.40705295E-02
         958   1.99999996E-02   1.40705295E-02
         959   1.99999996E-02   1.40705295E-02
         960   1.99999996E-02   1.40705295E-02
         961   1.99999996E-02   1.40705295E-02
         962   1.99999996E-02   1.40705295E-02
         963   1.99999996E-02   1.40705295E-02
         964   1.99999996E-02   1.40705295E-02
         965   9.99999978E-03   9.99999978E-03
         966   9.99999978E-03   9.99999978E-03
         967   9.99999978E-03   9.99999978E-03
         968   9.99999978E-03   9.99999978E-03
         969   9.99999978E-03   9.99999978E-03
         970   9.99999978E-03   9.99999978E-03
         971   9.99999978E-03   9.99999978E-03
         972   9.99999978E-03   9.99999978E-03
         973   9.99999978E-03   9.99999978E-03
         974   9.99999978E-03   9.99999978E-03
         975   9.99999978E-03   9.99999978E-03
         976   9.99999978E-03   9.99999978E-03
         977   9.99999978E-03   9.99999978E-03
         978   9.99999978E-03   9.99999978E-03
         979   9.99999978E-03   9.99999978E-03
         980   9.99999978E-03   9.99999978E-03
         981   9.99999978E-03   9.99999978E-03
         982   9.99999978E-03   9.99999978E-03
         983   9.99999978E-03   9.99999978E-03
         984   9.99999978E-03   9.99999978E-03
         985   0.00000000       0.00000000    
         986   0.00000000       0.00000000    
         987   0.00000000       0.00000000    
         988   0.00000000       0.00000000    
         989   0.00000000       0.00000000    
         990   0.00000000       0.00000000    
         991   0.00000000       0.00000000    
         992   0.00000000       0.00000000    
         993   0.00000000       0.00000000    
         994   0.00000000       0.00000000    
         995   0.00000000       0.00000000    
         996   0.00000000       0.00000000    
         997   0.00000000       0.00000000    
         998   0.00000000       0.00000000    
         999   0.00000000       0.00000000    
        1000   0.00000000       0.00000000    
        1001   0.00000000       0.00000000    
        1002   0.00000000       0.00000000    
        1003   0.00000000       0.00000000    
        1004   0.00000000       0.00000000    
        1005   0.00000000       0.00000000    
        1006   0.00000000       0.00000000    
        1007   0.00000000       0.00000000    
        1008   0.00000000       0.00000000    
        1009   0.00000000       0.00000000    
        1010   0.00000000       0.00000000    
        1011   0.00000000       0.00000000    
        1012   0.00000000       0.00000000    
        1013   0.00000000       0.00000000    
        1014   0.00000000       0.00000000    
        1015   0.00000000       0.00000000    
        1016   0.00000000       0.00000000    
        1017   0.00000000       0.00000000    
        1018   0.00000000       0.00000000    
        1019   0.00000000       0.00000000    
        1020   0.00000000       0.00000000    
        1021   0.00000000       0.00000000    
        1022   0.00000000       0.00000000    
        1023   0.00000000       0.00000000    
        1024   0.00000000       0.00000000    
        1025   0.00000000       0.00000000    
        1026   0.00000000       0.00000000    
        1027   0.00000000       0.00000000    
        1028   0.00000000       0.00000000    
        1029   0.00000000       0.00000000    
        1030   0.00000000       0.00000000    
        1031   0.00000000       0.00000000    
        1032   0.00000000       0.00000000    
        1033   0.00000000       0.00000000    
        1034   0.00000000       0.00000000    
        1035   0.00000000       0.00000000    
        1036   0.00000000       0.00000000    
        1037   0.00000000       0.00000000    
        1038   0.00000000       0.00000000    
        1039   0.00000000       0.00000000    
        1040   0.00000000       0.00000000    
        1041   0.00000000       0.00000000    
        1042   0.00000000       0.00000000    
        1043   0.00000000       0.00000000    
        1044   0.00000000       0.00000000    
        1045   0.00000000       0.00000000    
        1046   0.00000000       0.00000000    
        1047   0.00000000       0.00000000    
        1048   0.00000000       0.00000000    
        1049   0.00000000       0.00000000    
        1050   0.00000000       0.00000000    
        1051   0.00000000       0.00000000    
        1052   0.00000000       0.00000000    
        1053   0.00000000       0.00000000    
        1054   0.00000000       0.00000000    
        1055   0.00000000       0.00000000    
        1056   0.00000000       0.00000000    
        1057   0.00000000       0.00000000    
        1058   0.00000000       0.00000000    
        1059   0.00000000       0.00000000    
        1060   0.00000000       0.00000000    
        1061   0.00000000       0.00000000    
        1062   0.00000000       0.00000000    
        1063   0.00000000       0.00000000    
        1064   0.00000000       0.00000000    
        1065   0.00000000       0.00000000    
        1066   0.00000000       0.00000000    
        1067   0.00000000       0.00000000    
        1068   0.00000000       0.00000000    
        1069   0.00000000       0.00000000    
        1070   0.00000000       0.00000000    
        1071   0.00000000       0.00000000    
        1072   0.00000000       0.00000000    
        1073   0.00000000       0.00000000    
        1074   0.00000000       0.00000000    
        1075   0.00000000       0.00000000    
        1076   0.00000000       0.00000000    
        1077   0.00000000       0.00000000    
        1078   0.00000000       0.00000000    
        1079   0.00000000       0.00000000    
        1080   0.00000000       0.00000000    
        1081   0.00000000       0.00000000    
        1082   0.00000000       0.00000000    
        1083   0.00000000       0.00000000    
        1084   0.00000000       0.00000000    
        1085   0.00000000       0.00000000    
        1086   0.00000000       0.00000000    
        1087   0.00000000       0.00000000    
        1088   0.00000000       0.00000000    
        1089   0.00000000       0.00000000    
        1090   0.00000000       0.00000000    
        1091   0.00000000       0.00000000    
        1092   0.00000000       0.00000000    
        1093   0.00000000       0.00000000    
        1094   0.00000000       0.00000000    
        1095   0.00000000       0.00000000    
        1096   0.00000000       0.00000000    
        1097   0.00000000       0.00000000    
        1098   0.00000000       0.00000000    
        1099   0.00000000       0.00000000    
        1100   0.00000000       0.00000000    
        1101   0.00000000       0.00000000    
        1102   0.00000000       0.00000000    
        1103   0.00000000       0.00000000    
        1104   0.00000000       0.00000000    
        1105   0.00000000       0.00000000    
        1106   0.00000000       0.00000000    
        1107   0.00000000       0.00000000    
        1108   0.00000000       0.00000000    
        1109   0.00000000       0.00000000    
        1110   0.00000000       0.00000000    
        1111   0.00000000       0.00000000    
        1112   0.00000000       0.00000000    
        1113   0.00000000       0.00000000    
        1114   0.00000000       0.00000000    
        1115   0.00000000       0.00000000    
        1116   0.00000000       0.00000000    
        1117   0.00000000       0.00000000    
        1118   0.00000000       0.00000000    
        1119   0.00000000       0.00000000    
        1120   0.00000000       0.00000000    
        1121   0.00000000       0.00000000    
        1122   0.00000000       0.00000000    
        1123   0.00000000       0.00000000    
        1124   0.00000000       0.00000000    
        1125   0.00000000       0.00000000    
        1126   0.00000000       0.00000000    
        1127   0.00000000       0.00000000    
        1128   0.00000000       0.00000000    
        1129   0.00000000       0.00000000    
        1130   0.00000000       0.00000000    
        1131   0.00000000       0.00000000    
        1132   0.00000000       0.00000000    
        1133   0.00000000       0.00000000    
        1134   0.00000000       0.00000000    
        1135   0.00000000       0.00000000    
        1136   0.00000000       0.00000000    
        1137   0.00000000       0.00000000    
        1138   0.00000000       0.00000000    
        1139   0.00000000       0.00000000    
        1140   0.00000000       0.00000000    
        1141   0.00000000       0.00000000    
        1142   0.00000000       0.00000000    
        1143   0.00000000       0.00000000    
        1144   0.00000000       0.00000000    
        1145   0.00000000       0.00000000    
        1146   0.00000000       0.00000000    
        1147   0.00000000       0.00000000    
        1148   0.00000000       0.00000000    
        1149   0.00000000       0.00000000    
        1150   0.00000000       0.00000000    
        1151   0.00000000       0.00000000    
        1152   0.00000000       0.00000000    
        1153   0.00000000       0.00000000    
        1154   0.00000000       0.00000000    
        1155   0.00000000       0.00000000    
        1156   0.00000000       0.00000000    
        1157   0.00000000       0.00000000    
        1158   0.00000000       0.00000000    
        1159   0.00000000       0.00000000    
        1160   0.00000000       0.00000000    
        1161   0.00000000       0.00000000    
        1162   0.00000000       0.00000000    
        1163   0.00000000       0.00000000    
        1164   0.00000000       0.00000000    
        1165   0.00000000       0.00000000    
        1166   0.00000000       0.00000000    
        1167   0.00000000       0.00000000    
        1168   0.00000000       0.00000000    
        1169   0.00000000       0.00000000    
        1170   0.00000000       0.00000000    
        1171   0.00000000       0.00000000    
        1172   0.00000000       0.00000000    
        1173   0.00000000       0.00000000    
        1174   0.00000000       0.00000000    
        1175   0.00000000       0.00000000    
        1176   0.00000000       0.00000000    
        1177   0.00000000       0.00000000    
        1178   0.00000000       0.00000000    
        1179   0.00000000       0.00000000    
        1180   0.00000000       0.00000000    
        1181   0.00000000       0.00000000    
        1182   0.00000000       0.00000000    
        1183   0.00000000       0.00000000    
        1184   0.00000000       0.00000000    
        1185   0.00000000       0.00000000    
        1186   0.00000000       0.00000000    
        1187   0.00000000       0.00000000    
        1188   0.00000000       0.00000000    
        1189   0.00000000       0.00000000    
        1190   0.00000000       0.00000000    
        1191   0.00000000       0.00000000    
        1192   0.00000000       0.00000000    
        1193   0.00000000       0.00000000    
        1194   0.00000000       0.00000000    
        1195   0.00000000       0.00000000    
        1196   0.00000000       0.00000000    
        1197   0.00000000       0.00000000    
        1198   0.00000000       0.00000000    
        1199   0.00000000       0.00000000    
        1200   0.00000000       0.00000000    
        1201   0.00000000       0.00000000    
        1202   0.00000000       0.00000000    
        1203   0.00000000       0.00000000    
        1204   0.00000000       0.00000000    
        1205   0.00000000       0.00000000    
        1206   0.00000000       0.00000000    
        1207   0.00000000       0.00000000    
        1208   0.00000000       0.00000000    
        1209   0.00000000       0.00000000    
        1210   0.00000000       0.00000000    
        1211   0.00000000       0.00000000    
        1212   0.00000000       0.00000000    
        1213   0.00000000       0.00000000    
        1214   0.00000000       0.00000000    
        1215   0.00000000       0.00000000    
        1216   0.00000000       0.00000000    
        1217   0.00000000       0.00000000    
        1218   0.00000000       0.00000000    
        1219   0.00000000       0.00000000    
        1220   0.00000000       0.00000000    
        1221   0.00000000       0.00000000    
        1222   0.00000000       0.00000000    
        1223   0.00000000       0.00000000    
        1224   0.00000000       0.00000000    
        1225   0.00000000       0.00000000    
        1226   0.00000000       0.00000000    
        1227   0.00000000       0.00000000    
        1228   0.00000000       0.00000000    
        1229   0.00000000       0.00000000    
        1230   0.00000000       0.00000000    
        1231   0.00000000       0.00000000    
        1232   0.00000000       0.00000000    
        1233   0.00000000       0.00000000    
        1234   0.00000000       0.00000000    
        1235   0.00000000       0.00000000    
        1236   0.00000000       0.00000000    
        1237   0.00000000       0.00000000    
        1238   0.00000000       0.00000000    
        1239   0.00000000       0.00000000    
        1240   0.00000000       0.00000000    
        1241   0.00000000       0.00000000    
        1242   0.00000000       0.00000000    
        1243   0.00000000       0.00000000    
        1244   0.00000000       0.00000000    
        1245   0.00000000       0.00000000    
        1246   0.00000000       0.00000000    
        1247   0.00000000       0.00000000    
        1248   0.00000000       0.00000000    
        1249   0.00000000       0.00000000    
        1250   0.00000000       0.00000000    
        1251   0.00000000       0.00000000    
        1252   0.00000000       0.00000000    
        1253   0.00000000       0.00000000    
        1254   0.00000000       0.00000000    
        1255   0.00000000       0.00000000    
        1256   0.00000000       0.00000000    
        1257   0.00000000       0.00000000    
        1258   0.00000000       0.00000000    
        1259   0.00000000       0.00000000    
        1260   0.00000000       0.00000000    
        1261   0.00000000       0.00000000    
        1262   0.00000000       0.00000000    
        1263   0.00000000       0.00000000    
        1264   0.00000000       0.00000000    
        1265   0.00000000       0.00000000    
        1266   0.00000000       0.00000000    
        1267   0.00000000       0.00000000    
        1268   0.00000000       0.00000000    
        1269   0.00000000       0.00000000    
        1270   0.00000000       0.00000000    
        1271   0.00000000       0.00000000    
        1272   0.00000000       0.00000000    
        1273   0.00000000       0.00000000    
        1274   0.00000000       0.00000000    
        1275   0.00000000       0.00000000    
        1276   0.00000000       0.00000000    
        1277   0.00000000       0.00000000    
        1278   0.00000000       0.00000000    
        1279   0.00000000       0.00000000    
        1280   0.00000000       0.00000000    
        1281   0.00000000       0.00000000    
        1282   9.99999978E-03   9.99999978E-03
        1283   9.99999978E-03   9.99999978E-03
        1284   9.99999978E-03   9.99999978E-03
        1285   9.99999978E-03   9.99999978E-03
        1286   9.99999978E-03   9.99999978E-03
        1287   9.99999978E-03   9.99999978E-03
        1288   9.99999978E-03   9.99999978E-03
        1289   9.99999978E-03   9.99999978E-03
        1290   9.99999978E-03   9.99999978E-03
        1291   9.99999978E-03   9.99999978E-03
        1292   9.99999978E-03   9.99999978E-03
        1293   9.99999978E-03   9.99999978E-03
        1294   9.99999978E-03   9.99999978E-03
        1295   9.99999978E-03   9.99999978E-03
        1296   9.99999978E-03   9.99999978E-03
        1297   9.99999978E-03   9.99999978E-03
        1298   9.99999978E-03   9.99999978E-03
        1299   9.99999978E-03   9.99999978E-03
        1300   9.99999978E-03   9.99999978E-03
        1301   9.99999978E-03   9.99999978E-03
        1302   9.99999978E-03   9.99999978E-03
        1303   9.99999978E-03   9.99999978E-03
        1304   9.99999978E-03   9.99999978E-03
        1305   9.99999978E-03   9.99999978E-03
        1306   9.99999978E-03   9.99999978E-03
        1307   9.99999978E-03   9.99999978E-03
        1308   9.99999978E-03   9.99999978E-03
        1309   9.99999978E-03   9.99999978E-03
        1310   9.99999978E-03   9.99999978E-03
        1311   9.99999978E-03   9.99999978E-03
        1312   9.99999978E-03   9.99999978E-03
        1313   9.99999978E-03   9.99999978E-03
        1314   9.99999978E-03   9.99999978E-03
        1315   9.99999978E-03   9.99999978E-03
        1316   9.99999978E-03   9.99999978E-03
        1317   9.99999978E-03   9.99999978E-03
        1318   9.99999978E-03   9.99999978E-03
        1319   9.99999978E-03   9.99999978E-03
        1320   9.99999978E-03   9.99999978E-03
        1321   0.00000000       0.00000000    
        1322   0.00000000       0.00000000    
        1323   0.00000000       0.00000000    
        1324   0.00000000       0.00000000    
        1325   0.00000000       0.00000000    
        1326   0.00000000       0.00000000    
        1327   0.00000000       0.00000000    
        1328   0.00000000       0.00000000    
        1329   0.00000000       0.00000000    
        1330   0.00000000       0.00000000    
        1331   0.00000000       0.00000000    
        1332   0.00000000       0.00000000    
        1333   0.00000000       0.00000000    
        1334   0.00000000       0.00000000    
        1335   0.00000000       0.00000000    
        1336   0.00000000       0.00000000    
        1337   0.00000000       0.00000000    
        1338   0.00000000       0.00000000    
        1339   0.00000000       0.00000000    
        1340   0.00000000       0.00000000    
        1341   0.00000000       0.00000000    
        1342   0.00000000       0.00000000    
        1343   0.00000000       0.00000000    
        1344   0.00000000       0.00000000    
        1345   0.00000000       0.00000000    
        1346   0.00000000       0.00000000    
        1347   0.00000000       0.00000000    
        1348   0.00000000       0.00000000    
        1349   0.00000000       0.00000000    
        1350   0.00000000       0.00000000    
        1351   0.00000000       0.00000000    
        1352   0.00000000       0.00000000    
        1353   0.00000000       0.00000000    
        1354   0.00000000       0.00000000    
        1355   0.00000000       0.00000000    
        1356   0.00000000       0.00000000    
        1357   0.00000000       0.00000000    
        1358   0.00000000       0.00000000    
        1359   0.00000000       0.00000000    
        1360   0.00000000       0.00000000    
        1361   0.00000000       0.00000000    
        1362   0.00000000       0.00000000    
        1363   0.00000000       0.00000000    
        1364   0.00000000       0.00000000    
        1365   0.00000000       0.00000000    
        1366   0.00000000       0.00000000    
        1367   0.00000000       0.00000000    
        1368   0.00000000       0.00000000    
        1369   0.00000000       0.00000000    
        1370   0.00000000       0.00000000    
        1371   0.00000000       0.00000000    
        1372   0.00000000       0.00000000    
        1373   0.00000000       0.00000000    
        1374   0.00000000       0.00000000    
        1375   0.00000000       0.00000000    
        1376   0.00000000       0.00000000    
        1377   0.00000000       0.00000000    
        1378   0.00000000       0.00000000    
        1379   0.00000000       0.00000000    
        1380   0.00000000       0.00000000    
        1381   0.00000000       0.00000000    
        1382   0.00000000       0.00000000    
        1383   0.00000000       0.00000000    
        1384   0.00000000       0.00000000    
        1385   0.00000000       0.00000000    
        1386   0.00000000       0.00000000    
        1387   0.00000000       0.00000000    
        1388   0.00000000       0.00000000    
        1389   0.00000000       0.00000000    
        1390   0.00000000       0.00000000    
        1391   0.00000000       0.00000000    
        1392   0.00000000       0.00000000    
        1393   9.99999978E-03   9.99999978E-03
        1394   9.99999978E-03   9.99999978E-03
        1395   9.99999978E-03   9.99999978E-03
        1396   9.99999978E-03   9.99999978E-03
        1397   9.99999978E-03   9.99999978E-03
        1398   9.99999978E-03   9.99999978E-03
        1399   9.99999978E-03   9.99999978E-03
        1400   9.99999978E-03   9.99999978E-03
        1401   9.99999978E-03   9.99999978E-03
        1402   9.99999978E-03   9.99999978E-03
        1403   9.99999978E-03   9.99999978E-03
        1404   9.99999978E-03   9.99999978E-03
        1405   9.99999978E-03   9.99999978E-03
        1406   9.99999978E-03   9.99999978E-03
        1407   9.99999978E-03   9.99999978E-03
        1408   9.99999978E-03   9.99999978E-03
        1409   9.99999978E-03   9.99999978E-03
        1410   9.99999978E-03   9.99999978E-03
        1411   9.99999978E-03   9.99999978E-03
        1412   9.99999978E-03   9.99999978E-03
        1413   9.99999978E-03   9.99999978E-03
        1414   9.99999978E-03   9.99999978E-03
        1415   9.99999978E-03   9.99999978E-03
        1416   9.99999978E-03   9.99999978E-03
        1417   9.99999978E-03   9.99999978E-03
        1418   9.99999978E-03   9.99999978E-03
        1419   9.99999978E-03   9.99999978E-03
        1420   9.99999978E-03   9.99999978E-03
        1421   9.99999978E-03   9.99999978E-03
        1422   9.99999978E-03   9.99999978E-03
        1423   9.99999978E-03   9.99999978E-03
        1424   9.99999978E-03   9.99999978E-03
        1425   9.99999978E-03   9.99999978E-03
        1426   9.99999978E-03   9.99999978E-03
        1427   9.99999978E-03   9.99999978E-03
        1428   9.99999978E-03   9.99999978E-03
        1429   9.99999978E-03   9.99999978E-03
        1430   9.99999978E-03   9.99999978E-03
        1431   9.99999978E-03   9.99999978E-03
        1432   9.99999978E-03   9.99999978E-03
        1433   9.99999978E-03   9.99999978E-03
        1434   9.99999978E-03   9.99999978E-03
        1435   9.99999978E-03   9.99999978E-03
        1436   9.99999978E-03   9.99999978E-03
        1437   9.99999978E-03   9.99999978E-03
        1438   9.99999978E-03   9.99999978E-03
        1439   9.99999978E-03   9.99999978E-03
        1440   9.99999978E-03   9.99999978E-03
