           0   1.00000000       0.00000000    
           1   1.00000000       0.00000000    
           2  0.959999979       1.96946394E-02
           3  0.949999988       2.19042916E-02
           4  0.949999988       2.19042916E-02
           5  0.930000007       2.56432407E-02
           6  0.899999976       3.01511344E-02
           7  0.879999995       3.26598622E-02
           8  0.860000014       3.48735079E-02
           9  0.860000014       3.48735079E-02
          10  0.860000014       3.48735079E-02
          11  0.860000014       3.48735079E-02
          12  0.839999974       3.68452966E-02
          13  0.839999974       3.68452966E-02
          14  0.839999974       3.68452966E-02
          15  0.839999974       3.68452966E-02
          16  0.829999983       3.77525166E-02
          17  0.810000002       3.94277237E-02
          18  0.810000002       3.94277237E-02
          19  0.810000002       3.94277237E-02
          20  0.810000002       3.94277237E-02
          21  0.810000002       3.94277237E-02
          22  0.800000012       4.02015112E-02
          23  0.800000012       4.02015112E-02
          24  0.800000012       4.02015112E-02
          25  0.800000012       4.02015112E-02
          26  0.800000012       4.02015112E-02
          27  0.790000021       4.09360193E-02
          28  0.779999971       4.16333191E-02
          29  0.779999971       4.16333191E-02
          30  0.779999971       4.16333191E-02
          31  0.779999971       4.16333191E-02
          32  0.779999971       4.16333191E-02
          33  0.769999981       4.22952585E-02
          34  0.769999981       4.22952585E-02
          35  0.769999981       4.22952585E-02
          36  0.750000000       4.35194150E-02
          37  0.750000000       4.35194150E-02
          38  0.750000000       4.35194150E-02
          39  0.750000000       4.35194150E-02
          40  0.750000000       4.35194150E-02
          41  0.740000010       4.40843999E-02
          42  0.740000010       4.40843999E-02
          43  0.740000010       4.40843999E-02
          44  0.740000010       4.40843999E-02
          45  0.740000010       4.40843999E-02
          46  0.740000010       4.40843999E-02
          47  0.740000010       4.40843999E-02
          48  0.740000010       4.40843999E-02
          49  0.740000010       4.40843999E-02
          50  0.740000010       4.40843999E-02
          51  0.740000010       4.40843999E-02
          52  0.730000019       4.46196049E-02
          53  0.730000019       4.46196049E-02
          54  0.730000019       4.46196049E-02
          55  0.730000019       4.46196049E-02
          56  0.730000019       4.46196049E-02
          57  0.730000019       4.46196049E-02
          58  0.730000019       4.46196049E-02
          59  0.720000029       4.51260842E-02
          60  0.720000029       4.51260842E-02
          61  0.720000029       4.51260842E-02
          62  0.720000029       4.51260842E-02
          63  0.720000029       4.51260842E-02
          64  0.720000029       4.51260842E-02
          65  0.720000029       4.51260842E-02
          66  0.720000029       4.51260842E-02
          67  0.720000029       4.51260842E-02
          68  0.720000029       4.51260842E-02
          69  0.720000029       4.51260842E-02
          70  0.720000029       4.51260842E-02
          71  0.720000029       4.51260842E-02
          72  0.720000029       4.51260842E-02
          73  0.720000029       4.51260842E-02
          74  0.709999979       4.56048027E-02
          75  0.709999979       4.56048027E-02
          76  0.709999979       4.56048027E-02
          77  0.709999979       4.56048027E-02
          78  0.709999979       4.56048027E-02
          79  0.709999979       4.56048027E-02
          80  0.709999979       4.56048027E-02
          81  0.709999979       4.56048027E-02
          82  0.709999979       4.56048027E-02
          83  0.709999979       4.56048027E-02
          84  0.709999979       4.56048027E-02
          85  0.709999979       4.56048027E-02
          86  0.709999979       4.56048027E-02
          87  0.709999979       4.56048027E-02
          88  0.709999979       4.56048027E-02
          89  0.709999979       4.56048027E-02
          90  0.709999979       4.56048027E-02
          91  0.709999979       4.56048027E-02
          92  0.709999979       4.56048027E-02
          93  0.709999979       4.56048027E-02
          94  0.709999979       4.56048027E-02
          95  0.709999979       4.56048027E-02
          96  0.709999979       4.56048027E-02
          97  0.709999979       4.56048027E-02
          98  0.709999979       4.56048027E-02
          99  0.709999979       4.56048027E-02
         100  0.709999979       4.56048027E-02
         101  0.709999979       4.56048027E-02
         102  0.709999979       4.56048027E-02
         103  0.709999979       4.56048027E-02
         104  0.709999979       4.56048027E-02
         105  0.709999979       4.56048027E-02
         106  0.709999979       4.56048027E-02
         107  0.709999979       4.56048027E-02
         108  0.709999979       4.56048027E-02
         109  0.709999979       4.56048027E-02
         110  0.709999979       4.56048027E-02
         111  0.709999979       4.56048027E-02
         112  0.709999979       4.56048027E-02
         113  0.709999979       4.56048027E-02
         114  0.709999979       4.56048027E-02
         115  0.709999979       4.56048027E-02
         116  0.709999979       4.56048027E-02
         117  0.709999979       4.56048027E-02
         118  0.709999979       4.56048027E-02
         119  0.709999979       4.56048027E-02
         120  0.709999979       4.56048027E-02
         121  0.709999979       4.56048027E-02
         122  0.709999979       4.56048027E-02
         123  0.709999979       4.56048027E-02
         124  0.709999979       4.56048027E-02
         125  0.709999979       4.56048027E-02
         126  0.709999979       4.56048027E-02
         127  0.709999979       4.56048027E-02
         128  0.709999979       4.56048027E-02
         129  0.709999979       4.56048027E-02
         130  0.709999979       4.56048027E-02
         131  0.709999979       4.56048027E-02
         132  0.709999979       4.56048027E-02
         133  0.709999979       4.56048027E-02
         134  0.709999979       4.56048027E-02
         135  0.709999979       4.56048027E-02
         136  0.709999979       4.56048027E-02
         137  0.709999979       4.56048027E-02
         138  0.709999979       4.56048027E-02
         139  0.709999979       4.56048027E-02
         140  0.709999979       4.56048027E-02
         141  0.709999979       4.56048027E-02
         142  0.709999979       4.56048027E-02
         143  0.709999979       4.56048027E-02
         144  0.709999979       4.56048027E-02
         145  0.709999979       4.56048027E-02
         146  0.709999979       4.56048027E-02
         147  0.709999979       4.56048027E-02
         148  0.709999979       4.56048027E-02
         149  0.709999979       4.56048027E-02
         150  0.709999979       4.56048027E-02
         151  0.709999979       4.56048027E-02
         152  0.709999979       4.56048027E-02
         153  0.709999979       4.56048027E-02
         154  0.709999979       4.56048027E-02
         155  0.709999979       4.56048027E-02
         156  0.709999979       4.56048027E-02
         157  0.709999979       4.56048027E-02
         158  0.709999979       4.56048027E-02
         159  0.709999979       4.56048027E-02
         160  0.709999979       4.56048027E-02
         161  0.709999979       4.56048027E-02
         162  0.709999979       4.56048027E-02
         163  0.709999979       4.56048027E-02
         164  0.709999979       4.56048027E-02
         165  0.709999979       4.56048027E-02
         166  0.709999979       4.56048027E-02
         167  0.709999979       4.56048027E-02
         168  0.709999979       4.56048027E-02
         169  0.709999979       4.56048027E-02
         170  0.709999979       4.56048027E-02
         171  0.709999979       4.56048027E-02
         172  0.709999979       4.56048027E-02
         173  0.709999979       4.56048027E-02
         174  0.709999979       4.56048027E-02
         175  0.709999979       4.56048027E-02
         176  0.709999979       4.56048027E-02
         177  0.709999979       4.56048027E-02
         178  0.709999979       4.56048027E-02
         179  0.709999979       4.56048027E-02
         180  0.709999979       4.56048027E-02
         181  0.709999979       4.56048027E-02
         182  0.709999979       4.56048027E-02
         183  0.709999979       4.56048027E-02
         184  0.709999979       4.56048027E-02
         185  0.709999979       4.56048027E-02
         186  0.709999979       4.56048027E-02
         187  0.709999979       4.56048027E-02
         188  0.709999979       4.56048027E-02
         189  0.709999979       4.56048027E-02
         190  0.709999979       4.56048027E-02
         191  0.709999979       4.56048027E-02
         192  0.709999979       4.56048027E-02
         193  0.709999979       4.56048027E-02
         194  0.709999979       4.56048027E-02
         195  0.709999979       4.56048027E-02
         196  0.709999979       4.56048027E-02
         197  0.709999979       4.56048027E-02
         198  0.709999979       4.56048027E-02
         199  0.709999979       4.56048027E-02
         200  0.709999979       4.56048027E-02
         201  0.709999979       4.56048027E-02
         202  0.709999979       4.56048027E-02
         203  0.709999979       4.56048027E-02
         204  0.709999979       4.56048027E-02
         205  0.709999979       4.56048027E-02
         206  0.709999979       4.56048027E-02
         207  0.709999979       4.56048027E-02
         208  0.709999979       4.56048027E-02
         209  0.709999979       4.56048027E-02
         210  0.709999979       4.56048027E-02
         211  0.709999979       4.56048027E-02
         212  0.709999979       4.56048027E-02
         213  0.709999979       4.56048027E-02
         214  0.709999979       4.56048027E-02
         215  0.709999979       4.56048027E-02
         216  0.709999979       4.56048027E-02
         217  0.709999979       4.56048027E-02
         218  0.709999979       4.56048027E-02
         219  0.709999979       4.56048027E-02
         220  0.709999979       4.56048027E-02
         221  0.709999979       4.56048027E-02
         222  0.709999979       4.56048027E-02
         223  0.709999979       4.56048027E-02
         224  0.709999979       4.56048027E-02
         225  0.709999979       4.56048027E-02
         226  0.709999979       4.56048027E-02
         227  0.709999979       4.56048027E-02
         228  0.709999979       4.56048027E-02
         229  0.709999979       4.56048027E-02
         230  0.709999979       4.56048027E-02
         231  0.709999979       4.56048027E-02
         232  0.709999979       4.56048027E-02
         233  0.709999979       4.56048027E-02
         234  0.709999979       4.56048027E-02
         235  0.709999979       4.56048027E-02
         236  0.709999979       4.56048027E-02
         237  0.709999979       4.56048027E-02
         238  0.709999979       4.56048027E-02
         239  0.709999979       4.56048027E-02
         240  0.709999979       4.56048027E-02
         241  0.709999979       4.56048027E-02
         242  0.709999979       4.56048027E-02
         243  0.709999979       4.56048027E-02
         244  0.709999979       4.56048027E-02
         245  0.709999979       4.56048027E-02
         246  0.709999979       4.56048027E-02
         247  0.709999979       4.56048027E-02
         248  0.709999979       4.56048027E-02
         249  0.709999979       4.56048027E-02
         250  0.709999979       4.56048027E-02
         251  0.709999979       4.56048027E-02
         252  0.709999979       4.56048027E-02
         253  0.709999979       4.56048027E-02
         254  0.709999979       4.56048027E-02
         255  0.709999979       4.56048027E-02
         256  0.709999979       4.56048027E-02
         257  0.709999979       4.56048027E-02
         258  0.709999979       4.56048027E-02
         259  0.709999979       4.56048027E-02
         260  0.709999979       4.56048027E-02
         261  0.709999979       4.56048027E-02
         262  0.709999979       4.56048027E-02
         263  0.709999979       4.56048027E-02
         264  0.709999979       4.56048027E-02
         265  0.709999979       4.56048027E-02
         266  0.709999979       4.56048027E-02
         267  0.709999979       4.56048027E-02
         268  0.709999979       4.56048027E-02
         269  0.709999979       4.56048027E-02
         270  0.709999979       4.56048027E-02
         271  0.709999979       4.56048027E-02
         272  0.709999979       4.56048027E-02
         273  0.709999979       4.56048027E-02
         274  0.709999979       4.56048027E-02
         275  0.709999979       4.56048027E-02
         276  0.709999979       4.56048027E-02
         277  0.709999979       4.56048027E-02
         278  0.709999979       4.56048027E-02
         279  0.709999979       4.56048027E-02
         280  0.709999979       4.56048027E-02
         281  0.709999979       4.56048027E-02
         282  0.709999979       4.56048027E-02
         283  0.709999979       4.56048027E-02
         284  0.709999979       4.56048027E-02
         285  0.709999979       4.56048027E-02
         286  0.709999979       4.56048027E-02
         287  0.709999979       4.56048027E-02
         288  0.709999979       4.56048027E-02
         289  0.709999979       4.56048027E-02
         290  0.709999979       4.56048027E-02
         291  0.709999979       4.56048027E-02
         292  0.709999979       4.56048027E-02
         293  0.709999979       4.56048027E-02
         294  0.709999979       4.56048027E-02
         295  0.709999979       4.56048027E-02
         296  0.709999979       4.56048027E-02
         297  0.709999979       4.56048027E-02
         298  0.709999979       4.56048027E-02
         299  0.709999979       4.56048027E-02
         300  0.709999979       4.56048027E-02
         301  0.709999979       4.56048027E-02
         302  0.709999979       4.56048027E-02
         303  0.709999979       4.56048027E-02
         304  0.709999979       4.56048027E-02
         305  0.709999979       4.56048027E-02
         306  0.709999979       4.56048027E-02
         307  0.709999979       4.56048027E-02
         308  0.709999979       4.56048027E-02
         309  0.709999979       4.56048027E-02
         310  0.709999979       4.56048027E-02
         311  0.709999979       4.56048027E-02
         312  0.709999979       4.56048027E-02
         313  0.709999979       4.56048027E-02
         314  0.709999979       4.56048027E-02
         315  0.709999979       4.56048027E-02
         316  0.709999979       4.56048027E-02
         317  0.709999979       4.56048027E-02
         318  0.709999979       4.56048027E-02
         319  0.709999979       4.56048027E-02
         320  0.709999979       4.56048027E-02
         321  0.709999979       4.56048027E-02
         322  0.709999979       4.56048027E-02
         323  0.709999979       4.56048027E-02
         324  0.709999979       4.56048027E-02
         325  0.709999979       4.56048027E-02
         326  0.709999979       4.56048027E-02
         327  0.709999979       4.56048027E-02
         328  0.709999979       4.56048027E-02
         329  0.709999979       4.56048027E-02
         330  0.709999979       4.56048027E-02
         331  0.709999979       4.56048027E-02
         332  0.709999979       4.56048027E-02
         333  0.709999979       4.56048027E-02
         334  0.709999979       4.56048027E-02
         335  0.709999979       4.56048027E-02
         336  0.709999979       4.56048027E-02
         337  0.709999979       4.56048027E-02
         338  0.709999979       4.56048027E-02
         339  0.709999979       4.56048027E-02
         340  0.709999979       4.56048027E-02
         341  0.709999979       4.56048027E-02
         342  0.709999979       4.56048027E-02
         343  0.709999979       4.56048027E-02
         344  0.709999979       4.56048027E-02
         345  0.709999979       4.56048027E-02
         346  0.709999979       4.56048027E-02
         347  0.709999979       4.56048027E-02
         348  0.709999979       4.56048027E-02
         349  0.709999979       4.56048027E-02
         350  0.709999979       4.56048027E-02
         351  0.709999979       4.56048027E-02
         352  0.709999979       4.56048027E-02
         353  0.709999979       4.56048027E-02
         354  0.709999979       4.56048027E-02
         355  0.709999979       4.56048027E-02
         356  0.709999979       4.56048027E-02
         357  0.709999979       4.56048027E-02
         358  0.709999979       4.56048027E-02
         359  0.709999979       4.56048027E-02
         360  0.709999979       4.56048027E-02
         361  0.709999979       4.56048027E-02
         362  0.709999979       4.56048027E-02
         363  0.709999979       4.56048027E-02
         364  0.709999979       4.56048027E-02
         365  0.709999979       4.56048027E-02
         366  0.709999979       4.56048027E-02
         367  0.709999979       4.56048027E-02
         368  0.709999979       4.56048027E-02
         369  0.709999979       4.56048027E-02
         370  0.709999979       4.56048027E-02
         371  0.709999979       4.56048027E-02
         372  0.709999979       4.56048027E-02
         373  0.709999979       4.56048027E-02
         374  0.709999979       4.56048027E-02
         375  0.709999979       4.56048027E-02
         376  0.709999979       4.56048027E-02
         377  0.709999979       4.56048027E-02
         378  0.709999979       4.56048027E-02
         379  0.709999979       4.56048027E-02
         380  0.709999979       4.56048027E-02
         381  0.709999979       4.56048027E-02
         382  0.709999979       4.56048027E-02
         383  0.709999979       4.56048027E-02
         384  0.709999979       4.56048027E-02
         385  0.709999979       4.56048027E-02
         386  0.709999979       4.56048027E-02
         387  0.709999979       4.56048027E-02
         388  0.709999979       4.56048027E-02
         389  0.709999979       4.56048027E-02
         390  0.709999979       4.56048027E-02
         391  0.709999979       4.56048027E-02
         392  0.709999979       4.56048027E-02
         393  0.709999979       4.56048027E-02
         394  0.709999979       4.56048027E-02
         395  0.709999979       4.56048027E-02
         396  0.709999979       4.56048027E-02
         397  0.709999979       4.56048027E-02
         398  0.709999979       4.56048027E-02
         399  0.709999979       4.56048027E-02
         400  0.709999979       4.56048027E-02
         401  0.709999979       4.56048027E-02
         402  0.709999979       4.56048027E-02
         403  0.709999979       4.56048027E-02
         404  0.709999979       4.56048027E-02
         405  0.709999979       4.56048027E-02
         406  0.709999979       4.56048027E-02
         407  0.709999979       4.56048027E-02
         408  0.709999979       4.56048027E-02
         409  0.709999979       4.56048027E-02
         410  0.709999979       4.56048027E-02
         411  0.709999979       4.56048027E-02
         412  0.709999979       4.56048027E-02
         413  0.709999979       4.56048027E-02
         414  0.709999979       4.56048027E-02
         415  0.709999979       4.56048027E-02
         416  0.709999979       4.56048027E-02
         417  0.709999979       4.56048027E-02
         418  0.709999979       4.56048027E-02
         419  0.709999979       4.56048027E-02
         420  0.709999979       4.56048027E-02
         421  0.709999979       4.56048027E-02
         422  0.709999979       4.56048027E-02
         423  0.709999979       4.56048027E-02
         424  0.709999979       4.56048027E-02
         425  0.709999979       4.56048027E-02
         426  0.709999979       4.56048027E-02
         427  0.709999979       4.56048027E-02
         428  0.709999979       4.56048027E-02
         429  0.709999979       4.56048027E-02
         430  0.709999979       4.56048027E-02
         431  0.699999988       4.60566171E-02
         432  0.699999988       4.60566171E-02
         433  0.699999988       4.60566171E-02
         434  0.699999988       4.60566171E-02
         435  0.699999988       4.60566171E-02
         436  0.699999988       4.60566171E-02
         437  0.699999988       4.60566171E-02
         438  0.699999988       4.60566171E-02
         439  0.699999988       4.60566171E-02
         440  0.699999988       4.60566171E-02
         441  0.699999988       4.60566171E-02
         442  0.699999988       4.60566171E-02
         443  0.699999988       4.60566171E-02
         444  0.680000007       4.68826182E-02
         445  0.680000007       4.68826182E-02
         446  0.680000007       4.68826182E-02
         447  0.680000007       4.68826182E-02
         448  0.680000007       4.68826182E-02
         449  0.680000007       4.68826182E-02
         450  0.680000007       4.68826182E-02
         451  0.680000007       4.68826182E-02
         452  0.680000007       4.68826182E-02
         453  0.680000007       4.68826182E-02
         454  0.680000007       4.68826182E-02
         455  0.680000007       4.68826182E-02
         456  0.680000007       4.68826182E-02
         457  0.680000007       4.68826182E-02
         458  0.680000007       4.68826182E-02
         459  0.680000007       4.68826182E-02
         460  0.680000007       4.68826182E-02
         461  0.680000007       4.68826182E-02
         462  0.680000007       4.68826182E-02
         463  0.670000017       4.72581573E-02
         464  0.670000017       4.72581573E-02
         465  0.670000017       4.72581573E-02
         466  0.670000017       4.72581573E-02
         467  0.670000017       4.72581573E-02
         468  0.670000017       4.72581573E-02
         469  0.670000017       4.72581573E-02
         470  0.670000017       4.72581573E-02
         471  0.670000017       4.72581573E-02
         472  0.670000017       4.72581573E-02
         473  0.670000017       4.72581573E-02
         474  0.670000017       4.72581573E-02
         475  0.660000026       4.76095229E-02
         476  0.660000026       4.76095229E-02
         477  0.660000026       4.76095229E-02
         478  0.660000026       4.76095229E-02
         479  0.660000026       4.76095229E-02
         480  0.660000026       4.76095229E-02
         481  0.660000026       4.76095229E-02
         482  0.649999976       4.79372479E-02
         483  0.639999986       4.82418165E-02
         484  0.629999995       4.85236570E-02
         485  0.620000005       4.87831719E-02
         486  0.620000005       4.87831719E-02
         487  0.610000014       4.90207113E-02
         488  0.600000024       4.92365956E-02
         489  0.600000024       4.92365956E-02
         490  0.600000024       4.92365956E-02
         491  0.589999974       4.94311079E-02
         492  0.589999974       4.94311079E-02
         493  0.589999974       4.94311079E-02
         494  0.589999974       4.94311079E-02
         495  0.589999974       4.94311079E-02
         496  0.589999974       4.94311079E-02
         497  0.589999974       4.94311079E-02
         498  0.579999983       4.96044978E-02
         499  0.579999983       4.96044978E-02
         500  0.569999993       4.97569852E-02
         501  0.569999993       4.97569852E-02
         502  0.569999993       4.97569852E-02
         503  0.569999993       4.97569852E-02
         504  0.560000002       4.98887636E-02
         505  0.560000002       4.98887636E-02
         506  0.560000002       4.98887636E-02
         507  0.560000002       4.98887636E-02
         508  0.550000012       5.00000007E-02
         509  0.519999981       5.02116717E-02
         510  0.509999990       5.02418391E-02
         511  0.509999990       5.02418391E-02
         512  0.500000000       5.02518900E-02
         513  0.490000010       5.02418391E-02
         514  0.490000010       5.02418391E-02
         515  0.490000010       5.02418391E-02
         516  0.490000010       5.02418391E-02
         517  0.490000010       5.02418391E-02
         518  0.490000010       5.02418391E-02
         519  0.479999989       5.02116717E-02
         520  0.479999989       5.02116717E-02
         521  0.479999989       5.02116717E-02
         522  0.479999989       5.02116717E-02
         523  0.469999999       5.01613542E-02
         524  0.469999999       5.01613542E-02
         525  0.469999999       5.01613542E-02
         526  0.469999999       5.01613542E-02
         527  0.469999999       5.01613542E-02
         528  0.469999999       5.01613542E-02
         529  0.469999999       5.01613542E-02
         530  0.460000008       5.00908270E-02
         531  0.460000008       5.00908270E-02
         532  0.460000008       5.00908270E-02
         533  0.460000008       5.00908270E-02
         534  0.460000008       5.00908270E-02
         535  0.460000008       5.00908270E-02
         536  0.460000008       5.00908270E-02
         537  0.460000008       5.00908270E-02
         538  0.460000008       5.00908270E-02
         539  0.430000007       4.97569852E-02
         540  0.419999987       4.96044978E-02
         541  0.419999987       4.96044978E-02
         542  0.419999987       4.96044978E-02
         543  0.419999987       4.96044978E-02
         544  0.409999996       4.94311079E-02
         545  0.409999996       4.94311079E-02
         546  0.409999996       4.94311079E-02
         547  0.409999996       4.94311079E-02
         548  0.389999986       4.90207113E-02
         549  0.389999986       4.90207113E-02
         550  0.389999986       4.90207113E-02
         551  0.370000005       4.85236570E-02
         552  0.370000005       4.85236570E-02
         553  0.370000005       4.85236570E-02
         554  0.349999994       4.79372479E-02
         555  0.349999994       4.79372479E-02
         556  0.340000004       4.76095229E-02
         557  0.330000013       4.72581573E-02
         558  0.330000013       4.72581573E-02
         559  0.310000002       4.64823209E-02
         560  0.300000012       4.60566171E-02
         561  0.289999992       4.56048027E-02
         562  0.289999992       4.56048027E-02
         563  0.289999992       4.56048027E-02
         564  0.280000001       4.51260842E-02
         565  0.280000001       4.51260842E-02
         566  0.280000001       4.51260842E-02
         567  0.270000011       4.46196049E-02
         568  0.259999990       4.40843999E-02
         569  0.259999990       4.40843999E-02
         570  0.259999990       4.40843999E-02
         571  0.259999990       4.40843999E-02
         572  0.259999990       4.40843999E-02
         573  0.259999990       4.40843999E-02
         574  0.259999990       4.40843999E-02
         575  0.259999990       4.40843999E-02
         576  0.259999990       4.40843999E-02
         577  0.259999990       4.40843999E-02
         578  0.259999990       4.40843999E-02
         579  0.259999990       4.40843999E-02
         580  0.259999990       4.40843999E-02
         581  0.250000000       4.35194150E-02
         582  0.250000000       4.35194150E-02
         583  0.250000000       4.35194150E-02
         584  0.250000000       4.35194150E-02
         585  0.239999995       4.29234691E-02
         586  0.239999995       4.29234691E-02
         587  0.239999995       4.29234691E-02
         588  0.239999995       4.29234691E-02
         589  0.230000004       4.22952585E-02
         590  0.230000004       4.22952585E-02
         591  0.230000004       4.22952585E-02
         592  0.230000004       4.22952585E-02
         593  0.230000004       4.22952585E-02
         594  0.219999999       4.16333191E-02
         595  0.219999999       4.16333191E-02
         596  0.219999999       4.16333191E-02
         597  0.219999999       4.16333191E-02
         598  0.209999993       4.09360193E-02
         599  0.209999993       4.09360193E-02
         600  0.189999998       3.94277237E-02
         601  0.189999998       3.94277237E-02
         602  0.180000007       3.86122912E-02
         603  0.170000002       3.77525166E-02
         604  0.170000002       3.77525166E-02
         605  0.159999996       3.68452966E-02
         606  0.159999996       3.68452966E-02
         607  0.159999996       3.68452966E-02
         608  0.150000006       3.58870290E-02
         609  0.140000001       3.48735079E-02
         610  0.140000001       3.48735079E-02
         611  0.129999995       3.37997675E-02
         612  0.129999995       3.37997675E-02
         613  0.129999995       3.37997675E-02
         614  0.129999995       3.37997675E-02
         615  0.109999999       3.14466022E-02
         616  0.109999999       3.14466022E-02
         617  0.109999999       3.14466022E-02
         618  0.109999999       3.14466022E-02
         619  0.109999999       3.14466022E-02
         620  0.100000001       3.01511344E-02
         621  0.100000001       3.01511344E-02
         622  0.100000001       3.01511344E-02
         623  0.100000001       3.01511344E-02
         624  0.100000001       3.01511344E-02
         625  0.100000001       3.01511344E-02
         626  0.100000001       3.01511344E-02
         627  0.100000001       3.01511344E-02
         628  0.100000001       3.01511344E-02
         629   9.00000036E-02   2.87623499E-02
         630   9.00000036E-02   2.87623499E-02
         631   9.00000036E-02   2.87623499E-02
         632   9.00000036E-02   2.87623499E-02
         633   9.00000036E-02   2.87623499E-02
         634   9.00000036E-02   2.87623499E-02
         635   9.00000036E-02   2.87623499E-02
         636   9.00000036E-02   2.87623499E-02
         637   9.00000036E-02   2.87623499E-02
         638   9.00000036E-02   2.87623499E-02
         639   9.00000036E-02   2.87623499E-02
         640   9.00000036E-02   2.87623499E-02
         641   7.99999982E-02   2.72659920E-02
         642   7.99999982E-02   2.72659920E-02
         643   7.00000003E-02   2.56432407E-02
         644   7.00000003E-02   2.56432407E-02
         645   7.00000003E-02   2.56432407E-02
         646   7.00000003E-02   2.56432407E-02
         647   7.00000003E-02   2.56432407E-02
         648   7.00000003E-02   2.56432407E-02
         649   7.00000003E-02   2.56432407E-02
         650   7.00000003E-02   2.56432407E-02
         651   7.00000003E-02   2.56432407E-02
         652   7.00000003E-02   2.56432407E-02
         653   7.00000003E-02   2.56432407E-02
         654   7.00000003E-02   2.56432407E-02
         655   7.00000003E-02   2.56432407E-02
         656   7.00000003E-02   2.56432407E-02
         657   7.00000003E-02   2.56432407E-02
         658   7.00000003E-02   2.56432407E-02
         659   5.99999987E-02   2.38683261E-02
         660   5.99999987E-02   2.38683261E-02
         661   5.99999987E-02   2.38683261E-02
         662   5.99999987E-02   2.38683261E-02
         663   5.99999987E-02   2.38683261E-02
         664   5.99999987E-02   2.38683261E-02
         665   5.00000007E-02   2.19042916E-02
         666   5.00000007E-02   2.19042916E-02
         667   5.00000007E-02   2.19042916E-02
         668   5.00000007E-02   2.19042916E-02
         669   5.00000007E-02   2.19042916E-02
         670   5.00000007E-02   2.19042916E-02
         671   5.00000007E-02   2.19042916E-02
         672   5.00000007E-02   2.19042916E-02
         673   5.00000007E-02   2.19042916E-02
         674   3.99999991E-02   1.96946394E-02
         675   3.99999991E-02   1.96946394E-02
         676   3.99999991E-02   1.96946394E-02
         677   3.99999991E-02   1.96946394E-02
         678   3.99999991E-02   1.96946394E-02
         679   3.99999991E-02   1.96946394E-02
         680   3.99999991E-02   1.96946394E-02
         681   2.99999993E-02   1.71446614E-02
         682   2.99999993E-02   1.71446614E-02
         683   2.99999993E-02   1.71446614E-02
         684   2.99999993E-02   1.71446614E-02
         685   2.99999993E-02   1.71446614E-02
         686   2.99999993E-02   1.71446614E-02
         687   2.99999993E-02   1.71446614E-02
         688   2.99999993E-02   1.71446614E-02
         689   2.99999993E-02   1.71446614E-02
         690   2.99999993E-02   1.71446614E-02
         691   2.99999993E-02   1.71446614E-02
         692   2.99999993E-02   1.71446614E-02
         693   2.99999993E-02   1.71446614E-02
         694   2.99999993E-02   1.71446614E-02
         695   2.99999993E-02   1.71446614E-02
         696   2.99999993E-02   1.71446614E-02
         697   2.99999993E-02   1.71446614E-02
         698   2.99999993E-02   1.71446614E-02
         699   1.99999996E-02   1.40705295E-02
         700   1.99999996E-02   1.40705295E-02
         701   1.99999996E-02   1.40705295E-02
         702   1.99999996E-02   1.40705295E-02
         703   1.99999996E-02   1.40705295E-02
         704   1.99999996E-02   1.40705295E-02
         705   1.99999996E-02   1.40705295E-02
         706   1.99999996E-02   1.40705295E-02
         707   1.99999996E-02   1.40705295E-02
         708   1.99999996E-02   1.40705295E-02
         709   1.99999996E-02   1.40705295E-02
         710   1.99999996E-02   1.40705295E-02
         711   1.99999996E-02   1.40705295E-02
         712   1.99999996E-02   1.40705295E-02
         713   9.99999978E-03   9.99999978E-03
         714   9.99999978E-03   9.99999978E-03
         715   9.99999978E-03   9.99999978E-03
         716   9.99999978E-03   9.99999978E-03
         717   9.99999978E-03   9.99999978E-03
         718   9.99999978E-03   9.99999978E-03
         719   9.99999978E-03   9.99999978E-03
         720   9.99999978E-03   9.99999978E-03
         721   9.99999978E-03   9.99999978E-03
         722   9.99999978E-03   9.99999978E-03
         723   9.99999978E-03   9.99999978E-03
         724   9.99999978E-03   9.99999978E-03
         725   9.99999978E-03   9.99999978E-03
         726   9.99999978E-03   9.99999978E-03
         727   9.99999978E-03   9.99999978E-03
         728   9.99999978E-03   9.99999978E-03
         729   9.99999978E-03   9.99999978E-03
         730   9.99999978E-03   9.99999978E-03
         731   9.99999978E-03   9.99999978E-03
         732   9.99999978E-03   9.99999978E-03
         733   9.99999978E-03   9.99999978E-03
         734   9.99999978E-03   9.99999978E-03
         735   9.99999978E-03   9.99999978E-03
         736   9.99999978E-03   9.99999978E-03
         737   9.99999978E-03   9.99999978E-03
         738   9.99999978E-03   9.99999978E-03
         739   9.99999978E-03   9.99999978E-03
         740   9.99999978E-03   9.99999978E-03
         741   9.99999978E-03   9.99999978E-03
         742   9.99999978E-03   9.99999978E-03
         743   1.99999996E-02   1.40705295E-02
         744   1.99999996E-02   1.40705295E-02
         745   1.99999996E-02   1.40705295E-02
         746   1.99999996E-02   1.40705295E-02
         747   1.99999996E-02   1.40705295E-02
         748   1.99999996E-02   1.40705295E-02
         749   1.99999996E-02   1.40705295E-02
         750   1.99999996E-02   1.40705295E-02
         751   9.99999978E-03   9.99999978E-03
         752   9.99999978E-03   9.99999978E-03
         753   9.99999978E-03   9.99999978E-03
         754   9.99999978E-03   9.99999978E-03
         755   9.99999978E-03   9.99999978E-03
         756   9.99999978E-03   9.99999978E-03
         757   0.00000000       0.00000000    
         758   0.00000000       0.00000000    
         759   0.00000000       0.00000000    
         760   0.00000000       0.00000000    
         761   0.00000000       0.00000000    
         762   0.00000000       0.00000000    
         763   0.00000000       0.00000000    
         764   0.00000000       0.00000000    
         765   0.00000000       0.00000000    
         766   0.00000000       0.00000000    
         767   0.00000000       0.00000000    
         768   0.00000000       0.00000000    
         769   0.00000000       0.00000000    
         770   0.00000000       0.00000000    
         771   0.00000000       0.00000000    
         772   0.00000000       0.00000000    
         773   0.00000000       0.00000000    
         774   0.00000000       0.00000000    
         775   0.00000000       0.00000000    
         776   0.00000000       0.00000000    
         777   0.00000000       0.00000000    
         778   9.99999978E-03   9.99999978E-03
         779   9.99999978E-03   9.99999978E-03
         780   9.99999978E-03   9.99999978E-03
         781   9.99999978E-03   9.99999978E-03
         782   9.99999978E-03   9.99999978E-03
         783   9.99999978E-03   9.99999978E-03
         784   9.99999978E-03   9.99999978E-03
         785   9.99999978E-03   9.99999978E-03
         786   9.99999978E-03   9.99999978E-03
         787   9.99999978E-03   9.99999978E-03
         788   9.99999978E-03   9.99999978E-03
         789   9.99999978E-03   9.99999978E-03
         790   9.99999978E-03   9.99999978E-03
         791   9.99999978E-03   9.99999978E-03
         792   9.99999978E-03   9.99999978E-03
         793   9.99999978E-03   9.99999978E-03
         794   9.99999978E-03   9.99999978E-03
         795   9.99999978E-03   9.99999978E-03
         796   9.99999978E-03   9.99999978E-03
         797   9.99999978E-03   9.99999978E-03
         798   9.99999978E-03   9.99999978E-03
         799   9.99999978E-03   9.99999978E-03
         800   9.99999978E-03   9.99999978E-03
         801   9.99999978E-03   9.99999978E-03
         802   9.99999978E-03   9.99999978E-03
         803   9.99999978E-03   9.99999978E-03
         804   9.99999978E-03   9.99999978E-03
         805   9.99999978E-03   9.99999978E-03
         806   9.99999978E-03   9.99999978E-03
         807   9.99999978E-03   9.99999978E-03
         808   9.99999978E-03   9.99999978E-03
         809   9.99999978E-03   9.99999978E-03
         810   9.99999978E-03   9.99999978E-03
         811   9.99999978E-03   9.99999978E-03
         812   9.99999978E-03   9.99999978E-03
         813   9.99999978E-03   9.99999978E-03
         814   9.99999978E-03   9.99999978E-03
         815   9.99999978E-03   9.99999978E-03
         816   9.99999978E-03   9.99999978E-03
         817   9.99999978E-03   9.99999978E-03
         818   9.99999978E-03   9.99999978E-03
         819   9.99999978E-03   9.99999978E-03
         820   9.99999978E-03   9.99999978E-03
         821   9.99999978E-03   9.99999978E-03
         822   9.99999978E-03   9.99999978E-03
         823   9.99999978E-03   9.99999978E-03
         824   9.99999978E-03   9.99999978E-03
         825   9.99999978E-03   9.99999978E-03
         826   9.99999978E-03   9.99999978E-03
         827   9.99999978E-03   9.99999978E-03
         828   9.99999978E-03   9.99999978E-03
         829   9.99999978E-03   9.99999978E-03
         830   9.99999978E-03   9.99999978E-03
         831   9.99999978E-03   9.99999978E-03
         832   9.99999978E-03   9.99999978E-03
         833   9.99999978E-03   9.99999978E-03
         834   9.99999978E-03   9.99999978E-03
         835   9.99999978E-03   9.99999978E-03
         836   9.99999978E-03   9.99999978E-03
         837   9.99999978E-03   9.99999978E-03
         838   9.99999978E-03   9.99999978E-03
         839   9.99999978E-03   9.99999978E-03
         840   9.99999978E-03   9.99999978E-03
         841   9.99999978E-03   9.99999978E-03
         842   9.99999978E-03   9.99999978E-03
         843   9.99999978E-03   9.99999978E-03
         844   9.99999978E-03   9.99999978E-03
         845   9.99999978E-03   9.99999978E-03
         846   9.99999978E-03   9.99999978E-03
         847   9.99999978E-03   9.99999978E-03
         848   9.99999978E-03   9.99999978E-03
         849   9.99999978E-03   9.99999978E-03
         850   9.99999978E-03   9.99999978E-03
         851   9.99999978E-03   9.99999978E-03
         852   9.99999978E-03   9.99999978E-03
         853   9.99999978E-03   9.99999978E-03
         854   9.99999978E-03   9.99999978E-03
         855   9.99999978E-03   9.99999978E-03
         856   9.99999978E-03   9.99999978E-03
         857   9.99999978E-03   9.99999978E-03
         858   9.99999978E-03   9.99999978E-03
         859   9.99999978E-03   9.99999978E-03
         860   9.99999978E-03   9.99999978E-03
         861   9.99999978E-03   9.99999978E-03
         862   9.99999978E-03   9.99999978E-03
         863   9.99999978E-03   9.99999978E-03
         864   9.99999978E-03   9.99999978E-03
         865   9.99999978E-03   9.99999978E-03
         866   9.99999978E-03   9.99999978E-03
         867   9.99999978E-03   9.99999978E-03
         868   9.99999978E-03   9.99999978E-03
         869   9.99999978E-03   9.99999978E-03
         870   9.99999978E-03   9.99999978E-03
         871   9.99999978E-03   9.99999978E-03
         872   9.99999978E-03   9.99999978E-03
         873   9.99999978E-03   9.99999978E-03
         874   0.00000000       0.00000000    
         875   0.00000000       0.00000000    
         876   0.00000000       0.00000000    
         877   0.00000000       0.00000000    
         878   0.00000000       0.00000000    
         879   0.00000000       0.00000000    
         880   0.00000000       0.00000000    
         881   0.00000000       0.00000000    
         882   0.00000000       0.00000000    
         883   0.00000000       0.00000000    
         884   0.00000000       0.00000000    
         885   0.00000000       0.00000000    
         886   0.00000000       0.00000000    
         887   0.00000000       0.00000000    
         888   0.00000000       0.00000000    
         889   0.00000000       0.00000000    
         890   9.99999978E-03   9.99999978E-03
         891   9.99999978E-03   9.99999978E-03
         892   9.99999978E-03   9.99999978E-03
         893   9.99999978E-03   9.99999978E-03
         894   9.99999978E-03   9.99999978E-03
         895   9.99999978E-03   9.99999978E-03
         896   9.99999978E-03   9.99999978E-03
         897   9.99999978E-03   9.99999978E-03
         898   9.99999978E-03   9.99999978E-03
         899   9.99999978E-03   9.99999978E-03
         900   9.99999978E-03   9.99999978E-03
         901   0.00000000       0.00000000    
         902   0.00000000       0.00000000    
         903   0.00000000       0.00000000    
         904   0.00000000       0.00000000    
         905   0.00000000       0.00000000    
         906   0.00000000       0.00000000    
         907   0.00000000       0.00000000    
         908   0.00000000       0.00000000    
         909   0.00000000       0.00000000    
         910   0.00000000       0.00000000    
         911   0.00000000       0.00000000    
         912   0.00000000       0.00000000    
         913   0.00000000       0.00000000    
         914   0.00000000       0.00000000    
         915   0.00000000       0.00000000    
         916   0.00000000       0.00000000    
         917   0.00000000       0.00000000    
         918   0.00000000       0.00000000    
         919   0.00000000       0.00000000    
         920   0.00000000       0.00000000    
         921   0.00000000       0.00000000    
         922   0.00000000       0.00000000    
         923   0.00000000       0.00000000    
         924   0.00000000       0.00000000    
         925   0.00000000       0.00000000    
         926   0.00000000       0.00000000    
         927   0.00000000       0.00000000    
         928   0.00000000       0.00000000    
         929   0.00000000       0.00000000    
         930   0.00000000       0.00000000    
         931   0.00000000       0.00000000    
         932   0.00000000       0.00000000    
         933   0.00000000       0.00000000    
         934   0.00000000       0.00000000    
         935   0.00000000       0.00000000    
         936   0.00000000       0.00000000    
         937   0.00000000       0.00000000    
         938   0.00000000       0.00000000    
         939   0.00000000       0.00000000    
         940   0.00000000       0.00000000    
         941   0.00000000       0.00000000    
         942   0.00000000       0.00000000    
         943   0.00000000       0.00000000    
         944   0.00000000       0.00000000    
         945   0.00000000       0.00000000    
         946   0.00000000       0.00000000    
         947   0.00000000       0.00000000    
         948   0.00000000       0.00000000    
         949   0.00000000       0.00000000    
         950   0.00000000       0.00000000    
         951   0.00000000       0.00000000    
         952   0.00000000       0.00000000    
         953   0.00000000       0.00000000    
         954   0.00000000       0.00000000    
         955   0.00000000       0.00000000    
         956   0.00000000       0.00000000    
         957   0.00000000       0.00000000    
         958   0.00000000       0.00000000    
         959   0.00000000       0.00000000    
         960   0.00000000       0.00000000    
         961   0.00000000       0.00000000    
         962   0.00000000       0.00000000    
         963   0.00000000       0.00000000    
         964   0.00000000       0.00000000    
         965   0.00000000       0.00000000    
         966   0.00000000       0.00000000    
         967   0.00000000       0.00000000    
         968   0.00000000       0.00000000    
         969   0.00000000       0.00000000    
         970   0.00000000       0.00000000    
         971   0.00000000       0.00000000    
         972   0.00000000       0.00000000    
         973   0.00000000       0.00000000    
         974   0.00000000       0.00000000    
         975   0.00000000       0.00000000    
         976   0.00000000       0.00000000    
         977   0.00000000       0.00000000    
         978   0.00000000       0.00000000    
         979   0.00000000       0.00000000    
         980   0.00000000       0.00000000    
         981   0.00000000       0.00000000    
         982   0.00000000       0.00000000    
         983   0.00000000       0.00000000    
         984   0.00000000       0.00000000    
         985   0.00000000       0.00000000    
         986   0.00000000       0.00000000    
         987   0.00000000       0.00000000    
         988   0.00000000       0.00000000    
         989   0.00000000       0.00000000    
         990   0.00000000       0.00000000    
         991   0.00000000       0.00000000    
         992   0.00000000       0.00000000    
         993   0.00000000       0.00000000    
         994   0.00000000       0.00000000    
         995   0.00000000       0.00000000    
         996   0.00000000       0.00000000    
         997   0.00000000       0.00000000    
         998   0.00000000       0.00000000    
         999   0.00000000       0.00000000    
        1000   0.00000000       0.00000000    
        1001   0.00000000       0.00000000    
        1002   0.00000000       0.00000000    
        1003   0.00000000       0.00000000    
        1004   0.00000000       0.00000000    
        1005   0.00000000       0.00000000    
        1006   0.00000000       0.00000000    
        1007   0.00000000       0.00000000    
        1008   0.00000000       0.00000000    
        1009   0.00000000       0.00000000    
        1010   0.00000000       0.00000000    
        1011   0.00000000       0.00000000    
        1012   0.00000000       0.00000000    
        1013   0.00000000       0.00000000    
        1014   0.00000000       0.00000000    
        1015   0.00000000       0.00000000    
        1016   0.00000000       0.00000000    
        1017   0.00000000       0.00000000    
        1018   9.99999978E-03   9.99999978E-03
        1019   9.99999978E-03   9.99999978E-03
        1020   9.99999978E-03   9.99999978E-03
        1021   9.99999978E-03   9.99999978E-03
        1022   9.99999978E-03   9.99999978E-03
        1023   9.99999978E-03   9.99999978E-03
        1024   9.99999978E-03   9.99999978E-03
        1025   9.99999978E-03   9.99999978E-03
        1026   9.99999978E-03   9.99999978E-03
        1027   9.99999978E-03   9.99999978E-03
        1028   9.99999978E-03   9.99999978E-03
        1029   9.99999978E-03   9.99999978E-03
        1030   9.99999978E-03   9.99999978E-03
        1031   9.99999978E-03   9.99999978E-03
        1032   9.99999978E-03   9.99999978E-03
        1033   9.99999978E-03   9.99999978E-03
        1034   9.99999978E-03   9.99999978E-03
        1035   9.99999978E-03   9.99999978E-03
        1036   9.99999978E-03   9.99999978E-03
        1037   9.99999978E-03   9.99999978E-03
        1038   9.99999978E-03   9.99999978E-03
        1039   9.99999978E-03   9.99999978E-03
        1040   9.99999978E-03   9.99999978E-03
        1041   9.99999978E-03   9.99999978E-03
        1042   9.99999978E-03   9.99999978E-03
        1043   9.99999978E-03   9.99999978E-03
        1044   9.99999978E-03   9.99999978E-03
        1045   9.99999978E-03   9.99999978E-03
        1046   9.99999978E-03   9.99999978E-03
        1047   9.99999978E-03   9.99999978E-03
        1048   9.99999978E-03   9.99999978E-03
        1049   9.99999978E-03   9.99999978E-03
        1050   9.99999978E-03   9.99999978E-03
        1051   9.99999978E-03   9.99999978E-03
        1052   9.99999978E-03   9.99999978E-03
        1053   9.99999978E-03   9.99999978E-03
        1054   9.99999978E-03   9.99999978E-03
        1055   9.99999978E-03   9.99999978E-03
        1056   9.99999978E-03   9.99999978E-03
        1057   9.99999978E-03   9.99999978E-03
        1058   9.99999978E-03   9.99999978E-03
        1059   9.99999978E-03   9.99999978E-03
        1060   9.99999978E-03   9.99999978E-03
        1061   9.99999978E-03   9.99999978E-03
        1062   9.99999978E-03   9.99999978E-03
        1063   9.99999978E-03   9.99999978E-03
        1064   9.99999978E-03   9.99999978E-03
        1065   9.99999978E-03   9.99999978E-03
        1066   9.99999978E-03   9.99999978E-03
        1067   9.99999978E-03   9.99999978E-03
        1068   9.99999978E-03   9.99999978E-03
        1069   9.99999978E-03   9.99999978E-03
        1070   9.99999978E-03   9.99999978E-03
        1071   9.99999978E-03   9.99999978E-03
        1072   9.99999978E-03   9.99999978E-03
        1073   9.99999978E-03   9.99999978E-03
        1074   9.99999978E-03   9.99999978E-03
        1075   9.99999978E-03   9.99999978E-03
        1076   9.99999978E-03   9.99999978E-03
        1077   9.99999978E-03   9.99999978E-03
        1078   9.99999978E-03   9.99999978E-03
        1079   9.99999978E-03   9.99999978E-03
        1080   9.99999978E-03   9.99999978E-03
        1081   9.99999978E-03   9.99999978E-03
        1082   9.99999978E-03   9.99999978E-03
        1083   9.99999978E-03   9.99999978E-03
        1084   9.99999978E-03   9.99999978E-03
        1085   9.99999978E-03   9.99999978E-03
        1086   9.99999978E-03   9.99999978E-03
        1087   9.99999978E-03   9.99999978E-03
        1088   9.99999978E-03   9.99999978E-03
        1089   9.99999978E-03   9.99999978E-03
        1090   9.99999978E-03   9.99999978E-03
        1091   9.99999978E-03   9.99999978E-03
        1092   9.99999978E-03   9.99999978E-03
        1093   9.99999978E-03   9.99999978E-03
        1094   9.99999978E-03   9.99999978E-03
        1095   9.99999978E-03   9.99999978E-03
        1096   9.99999978E-03   9.99999978E-03
        1097   9.99999978E-03   9.99999978E-03
        1098   9.99999978E-03   9.99999978E-03
        1099   9.99999978E-03   9.99999978E-03
        1100   9.99999978E-03   9.99999978E-03
        1101   9.99999978E-03   9.99999978E-03
        1102   9.99999978E-03   9.99999978E-03
        1103   1.99999996E-02   1.40705295E-02
        1104   1.99999996E-02   1.40705295E-02
        1105   1.99999996E-02   1.40705295E-02
        1106   1.99999996E-02   1.40705295E-02
        1107   1.99999996E-02   1.40705295E-02
        1108   1.99999996E-02   1.40705295E-02
        1109   1.99999996E-02   1.40705295E-02
        1110   1.99999996E-02   1.40705295E-02
        1111   1.99999996E-02   1.40705295E-02
        1112   1.99999996E-02   1.40705295E-02
        1113   1.99999996E-02   1.40705295E-02
        1114   1.99999996E-02   1.40705295E-02
        1115   1.99999996E-02   1.40705295E-02
        1116   1.99999996E-02   1.40705295E-02
        1117   1.99999996E-02   1.40705295E-02
        1118   1.99999996E-02   1.40705295E-02
        1119   1.99999996E-02   1.40705295E-02
        1120   1.99999996E-02   1.40705295E-02
        1121   1.99999996E-02   1.40705295E-02
        1122   1.99999996E-02   1.40705295E-02
        1123   1.99999996E-02   1.40705295E-02
        1124   1.99999996E-02   1.40705295E-02
        1125   1.99999996E-02   1.40705295E-02
        1126   1.99999996E-02   1.40705295E-02
        1127   1.99999996E-02   1.40705295E-02
        1128   1.99999996E-02   1.40705295E-02
        1129   1.99999996E-02   1.40705295E-02
        1130   1.99999996E-02   1.40705295E-02
        1131   1.99999996E-02   1.40705295E-02
        1132   1.99999996E-02   1.40705295E-02
        1133   1.99999996E-02   1.40705295E-02
        1134   1.99999996E-02   1.40705295E-02
        1135   1.99999996E-02   1.40705295E-02
        1136   1.99999996E-02   1.40705295E-02
        1137   1.99999996E-02   1.40705295E-02
        1138   1.99999996E-02   1.40705295E-02
        1139   1.99999996E-02   1.40705295E-02
        1140   1.99999996E-02   1.40705295E-02
        1141   1.99999996E-02   1.40705295E-02
        1142   1.99999996E-02   1.40705295E-02
        1143   1.99999996E-02   1.40705295E-02
        1144   1.99999996E-02   1.40705295E-02
        1145   1.99999996E-02   1.40705295E-02
        1146   1.99999996E-02   1.40705295E-02
        1147   1.99999996E-02   1.40705295E-02
        1148   1.99999996E-02   1.40705295E-02
        1149   1.99999996E-02   1.40705295E-02
        1150   1.99999996E-02   1.40705295E-02
        1151   1.99999996E-02   1.40705295E-02
        1152   1.99999996E-02   1.40705295E-02
        1153   1.99999996E-02   1.40705295E-02
        1154   1.99999996E-02   1.40705295E-02
        1155   1.99999996E-02   1.40705295E-02
        1156   1.99999996E-02   1.40705295E-02
        1157   9.99999978E-03   9.99999978E-03
        1158   0.00000000       0.00000000    
        1159   0.00000000       0.00000000    
        1160   0.00000000       0.00000000    
        1161   0.00000000       0.00000000    
        1162   0.00000000       0.00000000    
        1163   0.00000000       0.00000000    
        1164   0.00000000       0.00000000    
        1165   0.00000000       0.00000000    
        1166   0.00000000       0.00000000    
        1167   0.00000000       0.00000000    
        1168   0.00000000       0.00000000    
        1169   0.00000000       0.00000000    
        1170   0.00000000       0.00000000    
        1171   0.00000000       0.00000000    
        1172   0.00000000       0.00000000    
        1173   0.00000000       0.00000000    
        1174   0.00000000       0.00000000    
        1175   0.00000000       0.00000000    
        1176   0.00000000       0.00000000    
        1177   0.00000000       0.00000000    
        1178   0.00000000       0.00000000    
        1179   0.00000000       0.00000000    
        1180   0.00000000       0.00000000    
        1181   0.00000000       0.00000000    
        1182   0.00000000       0.00000000    
        1183   0.00000000       0.00000000    
        1184   0.00000000       0.00000000    
        1185   0.00000000       0.00000000    
        1186   0.00000000       0.00000000    
        1187   0.00000000       0.00000000    
        1188   0.00000000       0.00000000    
        1189   0.00000000       0.00000000    
        1190   0.00000000       0.00000000    
        1191   0.00000000       0.00000000    
        1192   0.00000000       0.00000000    
        1193   0.00000000       0.00000000    
        1194   0.00000000       0.00000000    
        1195   0.00000000       0.00000000    
        1196   0.00000000       0.00000000    
        1197   0.00000000       0.00000000    
        1198   0.00000000       0.00000000    
        1199   0.00000000       0.00000000    
        1200   0.00000000       0.00000000    
        1201   0.00000000       0.00000000    
        1202   0.00000000       0.00000000    
        1203   0.00000000       0.00000000    
        1204   0.00000000       0.00000000    
        1205   0.00000000       0.00000000    
        1206   0.00000000       0.00000000    
        1207   0.00000000       0.00000000    
        1208   0.00000000       0.00000000    
        1209   0.00000000       0.00000000    
        1210   0.00000000       0.00000000    
        1211   0.00000000       0.00000000    
        1212   0.00000000       0.00000000    
        1213   0.00000000       0.00000000    
        1214   0.00000000       0.00000000    
        1215   0.00000000       0.00000000    
        1216   0.00000000       0.00000000    
        1217   0.00000000       0.00000000    
        1218   0.00000000       0.00000000    
        1219   0.00000000       0.00000000    
        1220   0.00000000       0.00000000    
        1221   0.00000000       0.00000000    
        1222   0.00000000       0.00000000    
        1223   0.00000000       0.00000000    
        1224   0.00000000       0.00000000    
        1225   0.00000000       0.00000000    
        1226   0.00000000       0.00000000    
        1227   0.00000000       0.00000000    
        1228   0.00000000       0.00000000    
        1229   0.00000000       0.00000000    
        1230   0.00000000       0.00000000    
        1231   0.00000000       0.00000000    
        1232   0.00000000       0.00000000    
        1233   0.00000000       0.00000000    
        1234   0.00000000       0.00000000    
        1235   0.00000000       0.00000000    
        1236   0.00000000       0.00000000    
        1237   0.00000000       0.00000000    
        1238   0.00000000       0.00000000    
        1239   0.00000000       0.00000000    
        1240   0.00000000       0.00000000    
        1241   0.00000000       0.00000000    
        1242   0.00000000       0.00000000    
        1243   0.00000000       0.00000000    
        1244   0.00000000       0.00000000    
        1245   0.00000000       0.00000000    
        1246   0.00000000       0.00000000    
        1247   0.00000000       0.00000000    
        1248   0.00000000       0.00000000    
        1249   0.00000000       0.00000000    
        1250   0.00000000       0.00000000    
        1251   0.00000000       0.00000000    
        1252   0.00000000       0.00000000    
        1253   0.00000000       0.00000000    
        1254   0.00000000       0.00000000    
        1255   0.00000000       0.00000000    
        1256   0.00000000       0.00000000    
        1257   0.00000000       0.00000000    
        1258   0.00000000       0.00000000    
        1259   0.00000000       0.00000000    
        1260   0.00000000       0.00000000    
        1261   0.00000000       0.00000000    
        1262   0.00000000       0.00000000    
        1263   0.00000000       0.00000000    
        1264   0.00000000       0.00000000    
        1265   0.00000000       0.00000000    
        1266   0.00000000       0.00000000    
        1267   0.00000000       0.00000000    
        1268   9.99999978E-03   9.99999978E-03
        1269   9.99999978E-03   9.99999978E-03
        1270   9.99999978E-03   9.99999978E-03
        1271   9.99999978E-03   9.99999978E-03
        1272   9.99999978E-03   9.99999978E-03
        1273   9.99999978E-03   9.99999978E-03
        1274   9.99999978E-03   9.99999978E-03
        1275   9.99999978E-03   9.99999978E-03
        1276   9.99999978E-03   9.99999978E-03
        1277   9.99999978E-03   9.99999978E-03
        1278   9.99999978E-03   9.99999978E-03
        1279   9.99999978E-03   9.99999978E-03
        1280   9.99999978E-03   9.99999978E-03
        1281   9.99999978E-03   9.99999978E-03
        1282   9.99999978E-03   9.99999978E-03
        1283   9.99999978E-03   9.99999978E-03
        1284   1.99999996E-02   1.40705295E-02
        1285   1.99999996E-02   1.40705295E-02
        1286   1.99999996E-02   1.40705295E-02
        1287   1.99999996E-02   1.40705295E-02
        1288   1.99999996E-02   1.40705295E-02
        1289   1.99999996E-02   1.40705295E-02
        1290   1.99999996E-02   1.40705295E-02
        1291   1.99999996E-02   1.40705295E-02
        1292   1.99999996E-02   1.40705295E-02
        1293   1.99999996E-02   1.40705295E-02
        1294   1.99999996E-02   1.40705295E-02
        1295   1.99999996E-02   1.40705295E-02
        1296   1.99999996E-02   1.40705295E-02
        1297   1.99999996E-02   1.40705295E-02
        1298   1.99999996E-02   1.40705295E-02
        1299   1.99999996E-02   1.40705295E-02
        1300   1.99999996E-02   1.40705295E-02
        1301   1.99999996E-02   1.40705295E-02
        1302   1.99999996E-02   1.40705295E-02
        1303   1.99999996E-02   1.40705295E-02
        1304   1.99999996E-02   1.40705295E-02
        1305   1.99999996E-02   1.40705295E-02
        1306   1.99999996E-02   1.40705295E-02
        1307   1.99999996E-02   1.40705295E-02
        1308   1.99999996E-02   1.40705295E-02
        1309   1.99999996E-02   1.40705295E-02
        1310   1.99999996E-02   1.40705295E-02
        1311   1.99999996E-02   1.40705295E-02
        1312   1.99999996E-02   1.40705295E-02
        1313   1.99999996E-02   1.40705295E-02
        1314   1.99999996E-02   1.40705295E-02
        1315   1.99999996E-02   1.40705295E-02
        1316   1.99999996E-02   1.40705295E-02
        1317   1.99999996E-02   1.40705295E-02
        1318   1.99999996E-02   1.40705295E-02
        1319   1.99999996E-02   1.40705295E-02
        1320   1.99999996E-02   1.40705295E-02
        1321   1.99999996E-02   1.40705295E-02
        1322   1.99999996E-02   1.40705295E-02
        1323   1.99999996E-02   1.40705295E-02
        1324   9.99999978E-03   9.99999978E-03
        1325   9.99999978E-03   9.99999978E-03
        1326   9.99999978E-03   9.99999978E-03
        1327   9.99999978E-03   9.99999978E-03
        1328   9.99999978E-03   9.99999978E-03
        1329   9.99999978E-03   9.99999978E-03
        1330   9.99999978E-03   9.99999978E-03
        1331   9.99999978E-03   9.99999978E-03
        1332   9.99999978E-03   9.99999978E-03
        1333   9.99999978E-03   9.99999978E-03
        1334   9.99999978E-03   9.99999978E-03
        1335   9.99999978E-03   9.99999978E-03
        1336   9.99999978E-03   9.99999978E-03
        1337   9.99999978E-03   9.99999978E-03
        1338   9.99999978E-03   9.99999978E-03
        1339   9.99999978E-03   9.99999978E-03
        1340   9.99999978E-03   9.99999978E-03
        1341   9.99999978E-03   9.99999978E-03
        1342   9.99999978E-03   9.99999978E-03
        1343   9.99999978E-03   9.99999978E-03
        1344   9.99999978E-03   9.99999978E-03
        1345   9.99999978E-03   9.99999978E-03
        1346   9.99999978E-03   9.99999978E-03
        1347   9.99999978E-03   9.99999978E-03
        1348   9.99999978E-03   9.99999978E-03
        1349   9.99999978E-03   9.99999978E-03
        1350   9.99999978E-03   9.99999978E-03
        1351   9.99999978E-03   9.99999978E-03
        1352   9.99999978E-03   9.99999978E-03
        1353   9.99999978E-03   9.99999978E-03
        1354   9.99999978E-03   9.99999978E-03
        1355   9.99999978E-03   9.99999978E-03
        1356   9.99999978E-03   9.99999978E-03
        1357   9.99999978E-03   9.99999978E-03
        1358   9.99999978E-03   9.99999978E-03
        1359   9.99999978E-03   9.99999978E-03
        1360   9.99999978E-03   9.99999978E-03
        1361   9.99999978E-03   9.99999978E-03
        1362   9.99999978E-03   9.99999978E-03
        1363   9.99999978E-03   9.99999978E-03
        1364   9.99999978E-03   9.99999978E-03
        1365   9.99999978E-03   9.99999978E-03
        1366   9.99999978E-03   9.99999978E-03
        1367   9.99999978E-03   9.99999978E-03
        1368   9.99999978E-03   9.99999978E-03
        1369   9.99999978E-03   9.99999978E-03
        1370   9.99999978E-03   9.99999978E-03
        1371   9.99999978E-03   9.99999978E-03
        1372   9.99999978E-03   9.99999978E-03
        1373   9.99999978E-03   9.99999978E-03
        1374   9.99999978E-03   9.99999978E-03
        1375   9.99999978E-03   9.99999978E-03
        1376   9.99999978E-03   9.99999978E-03
        1377   9.99999978E-03   9.99999978E-03
        1378   9.99999978E-03   9.99999978E-03
        1379   9.99999978E-03   9.99999978E-03
        1380   9.99999978E-03   9.99999978E-03
        1381   9.99999978E-03   9.99999978E-03
        1382   9.99999978E-03   9.99999978E-03
        1383   9.99999978E-03   9.99999978E-03
        1384   9.99999978E-03   9.99999978E-03
        1385   9.99999978E-03   9.99999978E-03
        1386   9.99999978E-03   9.99999978E-03
        1387   9.99999978E-03   9.99999978E-03
        1388   9.99999978E-03   9.99999978E-03
        1389   9.99999978E-03   9.99999978E-03
        1390   9.99999978E-03   9.99999978E-03
        1391   9.99999978E-03   9.99999978E-03
        1392   9.99999978E-03   9.99999978E-03
        1393   9.99999978E-03   9.99999978E-03
        1394   9.99999978E-03   9.99999978E-03
        1395   9.99999978E-03   9.99999978E-03
        1396   9.99999978E-03   9.99999978E-03
        1397   9.99999978E-03   9.99999978E-03
        1398   9.99999978E-03   9.99999978E-03
        1399   9.99999978E-03   9.99999978E-03
        1400   9.99999978E-03   9.99999978E-03
        1401   9.99999978E-03   9.99999978E-03
        1402   9.99999978E-03   9.99999978E-03
        1403   9.99999978E-03   9.99999978E-03
        1404   9.99999978E-03   9.99999978E-03
        1405   9.99999978E-03   9.99999978E-03
        1406   9.99999978E-03   9.99999978E-03
        1407   9.99999978E-03   9.99999978E-03
        1408   9.99999978E-03   9.99999978E-03
        1409   9.99999978E-03   9.99999978E-03
        1410   9.99999978E-03   9.99999978E-03
        1411   9.99999978E-03   9.99999978E-03
        1412   9.99999978E-03   9.99999978E-03
        1413   9.99999978E-03   9.99999978E-03
        1414   9.99999978E-03   9.99999978E-03
        1415   9.99999978E-03   9.99999978E-03
        1416   9.99999978E-03   9.99999978E-03
        1417   9.99999978E-03   9.99999978E-03
        1418   9.99999978E-03   9.99999978E-03
        1419   9.99999978E-03   9.99999978E-03
        1420   9.99999978E-03   9.99999978E-03
        1421   9.99999978E-03   9.99999978E-03
        1422   9.99999978E-03   9.99999978E-03
        1423   9.99999978E-03   9.99999978E-03
        1424   0.00000000       0.00000000    
        1425   0.00000000       0.00000000    
        1426   0.00000000       0.00000000    
        1427   0.00000000       0.00000000    
        1428   0.00000000       0.00000000    
        1429   0.00000000       0.00000000    
        1430   0.00000000       0.00000000    
        1431   0.00000000       0.00000000    
        1432   0.00000000       0.00000000    
        1433   0.00000000       0.00000000    
        1434   0.00000000       0.00000000    
        1435   0.00000000       0.00000000    
        1436   0.00000000       0.00000000    
        1437   0.00000000       0.00000000    
        1438   0.00000000       0.00000000    
        1439   0.00000000       0.00000000    
        1440   0.00000000       0.00000000    
